0 2 12 20 -1
1 1 3 8 9 10 11 13 14 19 33 34 35 36 38 39 41 42 -1
2 1 3 4 5 7 8 13 17 18 19 22 24 25 30 31 40 43 -1
3 13 21 22 23 28 29 33 38 39 -1
4 11 13 14 27 33 -1
5 2 29 -1
6 15 16 -1
7 13 15 16 33 44 -1
8 9 18 26 -1
9 13 19 27 -1
10 30 33 -1
11 34 36 -1
12 8 13 19 37 38 50 58 64 67 68 69 70 -1
13 1 8 11 13 16 18 28 37 38 51 53 55 58 59 62 63 65 68 70 79 -1
14 8 13 16 18 22 30 36 38 51 52 57 60 61 64 71 72 80 -1
15 1 8 14 18 21 28 32 36 38 48 56 73 -1
16 13 16 33 38 55 77 -1
17 13 31 -1
18 9 33 75 76 -1
19 16 19 28 38 55 62 63 65 70 83 -1
20 33 76 -1
21 46 47 49 78 82 -1
22 15 70 77 81 -1
23 33 54 -1
24 33 75 -1
25 52 58 68 -1
26 16 38 -1
27 19 77 108 109 -1
28 6 16 28 29 30 51 52 56 79 86 103 -1
29 9 16 30 52 74 77 84 92 98 99 102 105 106 107 -1
30 12 16 28 29 58 94 96 97 102 103 -1
31 33 45 -1
32 2 15 52 77 92 98 101 102 104 -1
33 15 90 95 -1
34 22 28 30 41 45 79 102 -1
35 2 77 79 95 100 -1
36 90 95 -1
37 4 76 77 86 87 88 -1
38 45 81 102 -1
39 79 89 90 95 100 -1
40 49 77 91 93 -1
41 19 37 -1
42 1 6 8 11 13 19 28 33 34 35 36 38 41 42 51 53 55 -1
43 3 7 8 13 16 17 18 19 22 24 25 30 31 38 40 43 -1
44 1 8 13 14 21 23 28 29 32 33 36 38 39 48 56 -1
45 13 27 -1
46 28 29 -1
47 15 16 31 -1
48 13 15 33 44 -1
49 34 36 47 -1
50 13 19 -1
51 15 45 -1
52 1 8 13 38 58 64 67 68 69 70 77 -1
53 1 8 14 16 18 28 37 38 52 56 58 59 62 63 65 68 70 79 -1
54 4 8 9 13 16 18 22 30 36 38 51 52 57 61 64 71 72 74 77 80 84 92 -1
55 1 13 18 21 28 36 73 -1
56 16 33 38 45 55 77 -1
57 13 15 -1
58 16 33 75 76 -1
59 16 19 22 28 38 41 45 62 63 65 70 79 83 -1
60 4 76 78 82 86 87 88 -1
61 45 70 77 81 -1
62 33 66 -1
63 33 75 89 90 -1
64 16 38 45 -1
65 77 91 93 -1
66 19 108 109 -1
67 9 16 28 30 51 56 81 86 103 110 111 112 -1
68 16 30 33 40 53 77 98 102 105 106 107 -1
69 12 16 28 29 58 94 96 97 102 103 108 113 114 -1
70 2 15 45 52 77 92 98 101 102 104 -1
71 9 15 33 71 90 95 102 -1
72 28 30 55 102 -1
73 2 45 77 79 95 100 -1
74 33 71 90 95 102 -1
75 46 77 -1
76 81 102 -1
77 79 100 -1
78 5 11 16 28 51 56 75 77 102 115 116 117 119 120 122 123 124 127 132 -1
79 9 13 75 77 102 118 121 125 -1
80 5 22 39 56 77 96 102 126 133 -1
81 11 14 128 -1
82 77 115 117 120 124 -1
83 12 129 131 -1
84 13 16 53 102 126 142 -1
85 10 19 28 29 37 77 83 96 102 120 122 126 131 136 137 140 146 152 -1
86 8 13 30 41 43 71 86 90 99 102 138 143 147 148 149 -1
87 16 21 24 36 96 102 126 131 136 141 144 150 -1
88 77 102 122 131 139 -1
89 16 43 45 77 102 120 134 -1
90 51 122 -1
91 102 131 -1
92 53 142 -1
93 77 151 -1
94 50 130 131 -1
95 77 105 116 145 -1
96 12 13 15 43 77 102 138 155 163 -1
97 1 8 12 16 19 39 42 51 53 56 59 102 122 127 137 157 158 159 162 164 166 169 170 171 175 -1
98 1 2 30 41 53 75 87 98 148 154 156 159 161 162 163 -1
99 5 8 16 87 102 170 -1
100 8 12 13 15 45 87 102 160 -1
101 156 173 -1
102 8 12 13 19 31 43 53 102 152 155 165 -1
103 142 166 -1
104 13 157 159 -1
105 95 156 -1
106 135 167 -1
107 25 102 156 -1
108 20 34 52 181 187 196 -1
109 1 6 16 30 32 53 56 96 102 131 135 137 157 170 171 184 192 193 194 197 198 203 204 205 -1
110 33 53 59 92 102 156 163 168 180 181 182 185 191 201 202 -1
111 33 96 102 122 131 134 157 171 172 -1
112 2 206 -1
113 2 13 19 45 52 189 -1
114 31 89 95 137 156 176 188 197 199 -1
115 13 33 53 58 102 159 178 184 186 190 192 193 194 195 197 207 -1
116 13 45 187 -1
117 89 95 156 176 -1
118 178 186 198 -1
119 12 177 179 187 -1
120 16 20 43 102 138 218 219 221 223 -1
121 30 53 102 122 135 157 174 182 197 200 201 205 208 209 211 215 228 229 -1
122 15 53 102 105 137 156 157 181 186 205 210 212 215 220 225 226 227 230 231 -1
123 28 215 234 235 -1
124 43 102 160 218 233 -1
125 102 216 223 -1
126 56 102 122 135 137 174 178 192 205 217 230 231 -1
127 172 213 -1
128 156 216 -1
129 70 137 187 222 -1
130 135 197 -1
131 237 242 -1
132 13 34 122 127 137 153 174 175 182 208 229 240 244 250 251 255 256 257 259 -1
133 5 30 102 159 172 199 241 246 247 248 249 260 261 -1
134 21 96 102 241 -1
135 52 101 137 138 224 237 239 252 -1
136 33 156 -1
137 13 102 125 153 197 214 241 -1
138 245 253 254 -1
139 45 52 137 237 252 -1
140 53 197 237 238 -1
141 235 243 -1
142 13 37 43 224 238 242 264 -1
143 30 53 70 96 122 171 184 192 224 229 238 266 268 270 274 275 286 -1
144 60 70 90 159 184 200 220 232 262 265 267 269 272 273 281 -1
145 28 41 224 247 258 276 277 278 279 280 282 -1
146 33 55 70 218 -1
147 30 36 55 70 90 102 184 218 224 238 251 264 281 283 -1
148 1 2 19 284 285 -1
149 90 281 -1
150 102 264 -1
151 8 13 43 70 126 222 224 237 242 291 304 -1
152 51 53 56 98 122 127 157 184 197 222 224 229 268 288 289 290 292 295 296 298 306 307 -1
153 53 102 159 165 168 197 224 262 272 297 303 -1
154 122 222 224 -1
155 153 278 299 -1
156 45 155 300 301 302 -1
157 90 156 -1
158 21 127 159 290 293 294 305 -1
159 90 287 -1
160 19 45 224 -1
161 171 172 -1
162 293 294 -1
163 2 327 -1
164 3 16 21 34 53 56 122 126 157 163 197 212 224 229 272 274 304 308 310 314 316 319 320 321 323 324 326 -1
165 70 71 159 237 242 267 272 286 304 305 311 312 313 -1
166 21 34 224 242 308 323 324 325 -1
167 318 328 -1
168 71 102 122 135 192 272 304 316 322 -1
169 247 309 -1
170 304 305 -1
171 13 19 20 37 38 50 58 -1
172 8 13 19 28 33 34 35 36 38 39 41 42 51 53 55 -1
173 3 13 16 19 22 24 25 30 31 38 40 43 52 61 -1
174 1 8 13 14 18 21 22 23 28 29 32 33 36 38 39 48 56 -1
175 11 13 27 33 38 55 -1
176 9 13 15 33 44 -1
177 9 26 57 -1
178 13 19 27 28 55 -1
179 34 36 47 49 -1
180 8 12 13 64 67 68 69 70 -1
181 3 8 9 16 18 28 37 38 52 58 59 62 63 65 68 79 -1
182 1 4 13 16 18 30 36 38 57 60 64 71 72 74 80 -1
183 1 13 21 28 36 73 -1
184 16 33 38 77 -1
185 16 33 76 -1
186 16 19 28 38 62 63 65 70 83 -1
187 46 78 82 -1
188 70 77 81 -1
189 19 77 108 -1
190 11 16 28 29 30 56 79 86 103 -1
191 8 9 22 30 51 52 77 84 92 98 99 102 105 106 107 -1
192 12 16 28 29 58 94 96 102 103 -1
193 2 15 77 92 98 101 102 104 -1
194 15 75 90 95 -1
195 5 16 28 34 51 56 75 77 81 102 110 111 112 115 116 117 119 120 122 123 124 127 131 132 -1
196 9 13 16 33 40 53 75 77 90 102 118 121 125 -1
197 5 28 36 39 56 77 96 102 108 113 114 126 131 133 -1
198 33 71 102 128 -1
199 33 71 102 -1
200 12 50 129 130 131 -1
201 1 13 15 16 53 102 126 142 -1
202 12 19 37 51 53 77 83 96 102 120 122 126 131 136 137 140 146 152 -1
203 8 13 30 41 43 71 86 102 138 143 147 148 -1
204 5 16 21 24 102 131 136 141 144 150 -1
205 77 102 122 131 139 153 -1
206 16 43 45 77 102 134 -1
207 51 122 152 -1
208 13 43 102 138 155 163 -1
209 1 6 8 10 16 19 42 53 56 59 102 122 127 157 158 159 162 164 166 169 170 171 174 -1
210 2 5 7 53 75 87 148 149 154 156 159 161 162 163 -1
211 8 16 87 102 170 172 -1
212 8 12 13 15 19 45 87 102 160 -1
213 8 12 13 19 31 43 53 102 155 165 -1
214 34 77 181 187 -1
215 1 13 16 53 56 59 70 102 157 170 184 -1
216 53 59 92 102 159 163 168 180 181 182 185 191 -1
217 45 52 189 -1
218 95 156 176 188 -1
219 13 53 58 102 159 178 186 190 -1
220 13 45 157 159 187 -1
221 95 156 176 -1
222 177 179 -1
223 34 52 181 187 196 -1
224 1 11 30 53 96 102 135 137 157 171 192 193 194 197 198 200 203 204 205 208 209 -1
225 138 156 201 202 -1
226 33 96 102 122 131 157 171 -1
227 2 13 -1
228 31 89 137 197 199 -1
229 53 102 178 192 193 194 195 197 207 -1
230 178 198 -1
231 2 16 43 138 218 219 221 -1
232 30 32 53 102 122 135 157 174 197 211 215 -1
233 33 102 157 159 181 186 205 210 212 215 220 -1
234 28 96 97 215 -1
235 43 52 102 160 218 -1
236 102 216 -1
237 33 53 56 102 122 135 174 184 205 214 217 -1
238 16 142 -1
239 20 102 223 224 237 242 -1
240 14 28 102 122 137 175 182 201 205 228 229 240 -1
241 8 15 53 105 137 156 186 199 220 225 226 227 230 231 232 241 -1
242 235 241 -1
243 52 233 239 -1
244 13 102 137 230 231 241 -1
245 2 172 -1
246 45 52 237 -1
247 53 137 187 222 237 238 -1
248 238 264 -1
249 6 13 122 127 153 175 182 192 208 229 238 244 250 251 255 256 257 259 -1
250 17 30 102 159 172 200 220 246 247 248 249 260 261 262 265 267 -1
251 21 96 102 234 258 -1
252 52 101 120 137 138 224 237 252 -1
253 33 156 263 -1
254 18 258 -1
255 36 102 125 153 197 238 251 264 -1
256 19 245 253 254 -1
257 137 252 264 -1
258 33 229 -1
259 13 37 43 224 242 264 -1
260 30 70 96 122 171 184 229 266 268 270 274 275 -1
261 70 90 184 262 265 269 272 273 281 -1
262 41 247 276 277 278 279 280 282 -1
263 14 55 70 218 -1
264 15 43 -1
265 30 55 70 90 192 218 224 281 -1
266 12 19 37 38 50 -1
267 8 9 13 19 28 35 36 38 39 41 42 51 53 55 -1
268 1 16 19 24 25 30 31 40 43 52 -1
269 1 13 14 18 22 28 32 33 36 38 39 48 56 -1
270 11 13 33 38 55 -1
271 13 33 44 -1
272 9 26 -1
273 34 36 46 47 49 -1
274 8 13 58 64 67 68 69 70 -1
275 1 6 16 18 28 33 34 37 52 58 59 62 63 65 68 70 79 -1
276 5 8 13 16 18 30 36 38 60 61 64 71 72 74 80 -1
277 1 8 21 28 36 73 -1
278 16 33 77 -1
279 9 16 33 75 76 -1
280 18 57 -1
281 16 28 38 55 62 63 65 70 -1
282 78 82 -1
283 70 81 -1
284 33 54 66 -1
285 8 13 16 28 29 38 51 56 79 86 103 -1
286 4 9 13 22 51 52 57 77 84 92 98 99 -1
287 16 28 94 96 97 102 103 -1
288 38 45 -1
289 15 77 101 102 104 -1
290 13 19 22 28 30 41 45 83 102 -1
291 79 95 100 -1
292 45 77 81 102 -1
293 79 89 90 100 -1
294 28 30 34 51 56 75 77 81 102 110 111 112 115 116 117 119 120 122 123 124 127 -1
295 13 16 30 33 40 53 77 98 102 105 106 107 121 125 -1
296 5 12 28 29 39 56 58 77 96 102 108 113 114 -1
297 33 128 -1
298 2 15 45 77 98 -1
299 15 33 71 102 128 -1
300 77 79 115 120 124 -1
301 2 45 77 -1
302 16 20 53 102 142 -1
303 1 5 10 16 19 37 53 77 83 102 120 122 126 127 131 136 137 140 -1
304 3 9 18 41 75 77 86 90 102 118 138 -1
305 13 16 21 24 28 36 77 96 102 126 131 133 136 141 -1
306 27 102 131 139 -1
307 16 43 45 77 120 -1
308 53 134 -1
309 77 105 116 -1
310 13 15 43 102 126 155 -1
311 8 12 16 51 53 56 59 96 122 127 146 152 157 158 -1
312 2 8 13 30 41 43 71 143 147 148 149 154 156 159 161 -1
313 5 8 16 126 144 150 -1
314 77 122 153 -1
315 8 52 87 92 102 134 160 -1
316 8 13 31 43 51 102 122 152 155 -1
317 142 159 -1
318 25 156 -1
319 34 102 163 181 -1
320 1 8 11 19 42 53 59 102 122 157 159 162 164 166 169 170 171 174 175 -1
321 53 75 87 102 148 159 162 163 180 182 -1
322 21 29 87 170 172 -1
323 13 15 19 45 -1
324 95 156 173 176 -1
325 12 13 19 53 102 155 165 178 -1
326 142 166 183 -1
327 13 157 -1
328 95 176 -1
329 12 177 179 -1
330 77 138 181 187 196 -1
331 8 11 14 16 53 56 157 170 171 184 192 193 194 197 198 -1
332 7 22 33 53 59 102 163 168 181 191 -1
333 23 102 134 157 171 -1
334 137 156 188 199 -1
335 13 33 53 102 159 184 186 190 192 193 194 195 197 -1
336 1 2 34 52 -1
337 1 3 30 32 53 96 102 135 137 157 171 197 200 203 204 205 208 209 211 -1
338 156 186 201 202 205 210 -1
339 33 96 102 122 131 -1
340 2 12 13 -1
341 31 89 197 -1
342 102 122 178 207 -1
343 16 20 43 102 138 218 219 221 223 224 -1
344 16 110 122 135 157 174 197 201 205 215 228 -1
345 17 102 157 159 181 212 215 220 225 226 227 -1
346 28 215 -1
347 43 102 160 218 -1
348 56 102 135 174 205 217 -1
349 70 187 222 -1
350 6 102 122 137 175 182 208 229 240 -1
351 15 25 53 92 105 137 156 172 185 186 199 230 231 232 241 -1
352 234 235 241 -1
353 13 58 102 137 192 214 230 231 241 -1
354 53 137 237 238 -1
355 13 122 127 132 153 182 244 250 251 255 256 257 259 -1
356 8 30 102 159 200 220 246 247 248 249 260 261 262 -1
357 21 96 102 258 -1
358 52 101 137 138 224 237 252 -1
359 15 33 156 -1
360 43 102 125 153 197 -1
361 137 252 -1
362 8 13 38 58 64 67 68 69 -1
363 1 16 18 28 37 38 52 53 55 58 59 62 63 65 68 70 79 -1
364 16 18 30 36 38 60 61 64 71 72 74 80 -1
365 1 8 21 28 36 48 56 73 -1
366 13 16 38 55 77 -1
367 9 33 44 75 76 -1
368 16 28 38 55 62 63 65 83 -1
369 30 33 76 -1
370 70 77 -1
371 8 16 28 29 30 51 56 79 86 103 -1
372 3 9 52 57 77 84 92 98 99 102 105 106 -1
373 16 28 58 94 96 97 102 103 -1
374 2 15 77 102 104 -1
375 19 22 28 30 41 45 70 79 102 -1
376 2 16 79 95 100 -1
377 4 46 47 76 77 86 87 88 -1
378 45 70 77 81 102 -1
379 108 109 -1
380 28 34 51 56 75 81 110 111 112 115 117 119 120 122 123 -1
381 16 22 30 33 40 51 53 77 98 107 118 121 -1
382 12 28 29 38 77 96 108 113 114 -1
383 15 45 52 92 98 -1
384 19 115 117 120 -1
385 45 77 -1
386 5 13 16 37 53 56 77 102 116 122 126 127 131 132 136 137 -1
387 9 13 41 52 75 77 90 102 125 -1
388 5 36 39 56 77 96 102 126 131 133 -1
389 12 129 130 131 -1
390 13 15 16 53 102 126 142 -1
391 12 19 51 56 83 96 102 120 122 131 137 140 146 152 -1
392 8 13 25 30 41 43 71 86 102 138 143 147 148 149 -1
393 5 13 16 21 22 24 29 102 131 141 144 150 -1
394 77 102 131 139 153 -1
395 31 51 122 152 -1
396 13 43 102 155 -1
397 8 16 19 53 59 77 122 124 127 157 158 162 164 -1
398 2 148 154 156 159 161 163 -1
399 8 16 18 32 -1
400 33 122 -1
401 8 12 13 15 16 45 87 102 160 -1
402 13 156 -1
403 8 28 43 53 102 124 155 165 -1
404 1 2 12 19 20 50 77 138 -1
405 1 6 8 9 10 11 13 14 38 42 53 59 77 102 122 169 170 174 175 -1
406 1 4 7 8 19 25 30 53 75 87 159 162 -1
407 13 14 87 102 170 172 -1
408 14 38 -1
409 13 19 45 -1
410 12 13 19 53 102 155 -1
411 12 179 -1
412 34 181 187 -1
413 16 28 34 38 41 42 53 56 77 157 159 170 171 184 192 193 194 -1
414 5 13 22 30 33 53 59 92 102 163 168 180 181 182 185 191 -1
415 1 23 38 134 136 157 171 -1
416 15 45 52 189 -1
417 16 156 188 -1
418 13 33 53 58 102 178 184 186 190 192 193 194 195 -1
419 177 187 -1
420 34 37 52 181 187 196 -1
421 1 3 19 30 32 33 36 53 96 102 122 135 137 157 171 197 198 200 203 204 205 208 211 -1
422 40 43 102 156 157 181 186 201 202 205 210 212 -1
423 21 28 33 96 102 131 -1
424 2 13 43 101 -1
425 15 31 89 137 197 199 -1
426 27 102 122 135 178 197 205 207 217 -1
427 45 187 -1
428 89 216 -1
429 70 178 198 -1
430 16 20 43 102 138 218 219 221 223 224 237 -1
431 30 39 102 122 157 174 182 201 205 209 215 228 229 -1
432 15 18 24 31 53 105 137 156 159 186 215 220 225 226 227 230 231 232 -1
433 28 39 215 234 235 -1
434 31 102 160 218 233 -1
435 13 56 135 137 159 174 192 230 231 -1
436 2 36 172 -1
437 25 53 137 187 222 237 238 -1
438 19 163 242 -1
439 13 35 122 137 153 166 171 175 208 229 240 244 250 251 255 256 257 -1
440 30 102 159 172 199 241 246 247 248 249 -1
441 13 21 96 102 122 241 -1
442 49 245 253 254 -1
443 37 43 224 238 242 264 -1
444 30 96 122 127 171 182 184 192 229 238 259 266 268 270 274 275 -1
445 13 17 70 159 184 200 220 260 261 262 265 267 269 272 273 -1
446 30 36 238 251 264 -1
447 19 34 -1
448 1 8 13 19 38 58 64 67 68 69 -1
449 1 3 16 18 28 37 42 52 55 58 59 62 63 65 68 70 79 -1
450 5 13 16 30 36 38 60 61 64 71 72 74 -1
451 21 28 56 73 -1
452 13 33 77 -1
453 27 28 55 62 63 65 70 -1
454 8 16 29 33 34 38 56 79 -1
455 9 18 22 24 52 77 84 92 -1
456 1 8 14 16 21 23 28 36 58 94 96 -1
457 16 19 22 28 38 41 45 79 83 -1
458 4 76 82 86 87 88 -1
459 89 90 -1
460 77 85 -1
461 19 37 108 -1
462 11 14 28 30 51 86 103 -1
463 22 40 51 57 98 99 102 105 106 -1
464 13 29 36 96 97 102 103 -1
465 11 14 33 38 -1
466 28 30 102 -1
467 79 95 -1
468 34 77 -1
469 12 70 109 -1
470 28 34 51 56 75 77 81 110 111 112 115 116 117 119 120 123 124 -1
471 16 33 40 53 77 98 102 118 121 -1
472 28 38 77 96 108 113 114 -1
473 2 15 45 52 77 92 98 -1
474 77 115 117 124 -1
475 1 5 16 19 37 53 56 77 102 122 126 127 131 132 136 137 -1
476 9 13 17 19 25 30 41 75 77 90 125 -1
477 5 36 39 56 77 96 102 126 131 133 136 -1
478 13 15 128 -1
479 13 16 53 102 142 -1
480 9 10 19 28 35 41 51 96 120 122 131 137 140 146 -1
481 13 41 102 138 143 147 -1
482 1 16 21 24 33 131 141 144 -1
483 102 122 131 139 -1
484 15 16 43 45 77 120 134 -1
485 51 120 122 -1
486 15 53 142 -1
487 13 15 20 43 102 126 155 -1
488 12 53 56 83 122 127 152 158 -1
489 1 2 4 8 30 31 43 71 107 148 149 154 156 161 -1
490 5 8 12 13 18 28 38 150 -1
491 77 153 -1
492 8 87 102 -1
493 8 13 31 43 102 152 155 -1
494 13 102 -1
495 8 11 13 16 36 53 59 122 157 162 164 169 -1
496 87 159 163 -1
497 13 16 22 29 32 48 102 -1
498 12 13 15 19 31 45 102 160 -1
499 13 19 43 53 102 155 165 -1
500 34 77 138 163 181 -1
501 1 13 19 28 39 42 51 53 59 102 122 159 166 171 174 175 -1
502 3 8 18 25 53 75 77 102 148 162 180 -1
503 33 87 170 172 -1
504 12 53 178 -1
505 36 47 -1
506 50 187 -1
507 8 16 28 53 56 157 170 171 184 192 -1
508 30 33 38 43 53 59 92 163 168 181 182 185 191 -1
509 16 28 134 157 171 -1
510 16 188 -1
511 13 19 33 53 58 102 184 186 190 192 -1
512 1 8 30 38 96 102 135 170 171 193 194 197 200 203 204 205 208 209 -1
513 80 86 156 201 202 -1
514 13 16 -1
515 2 13 16 -1
516 31 89 156 197 199 -1
517 53 102 159 178 193 194 195 197 207 -1
518 156 178 198 -1
519 2 16 43 138 218 219 -1
520 6 30 32 53 102 122 135 137 157 174 197 198 211 215 -1
521 7 52 102 157 159 181 186 205 210 212 215 220 -1
522 28 39 215 -1
523 102 137 216 -1
524 56 102 122 135 174 205 214 217 -1
525 46 213 -1
526 8 13 19 67 68 69 70 -1
527 1 8 14 18 28 37 52 55 58 68 70 79 -1
528 1 5 13 16 18 30 31 36 61 64 71 72 74 80 -1
529 1 14 21 28 36 39 73 -1
530 16 27 33 38 77 -1
531 33 44 75 76 -1
532 16 27 28 38 65 70 -1
533 58 68 -1
534 64 77 -1
535 11 13 16 28 29 38 79 -1
536 9 22 51 52 57 77 92 98 99 -1
537 28 58 94 96 97 -1
538 33 95 -1
539 19 22 28 41 45 55 79 83 -1
540 4 34 76 86 87 88 -1
541 89 90 95 -1
542 2 19 108 109 -1
543 3 6 19 30 38 51 59 86 103 -1
544 16 30 33 77 98 102 106 107 -1
545 12 13 16 28 96 102 103 -1
546 2 15 31 45 52 77 92 98 101 102 104 -1
547 15 16 90 -1
548 2 45 77 79 100 -1
549 20 38 -1
550 1 28 34 56 75 81 110 111 112 115 116 117 119 120 122 -1
551 8 22 40 53 77 84 105 118 121 -1
552 8 21 28 29 96 108 113 114 -1
553 13 14 -1
554 13 15 33 71 102 -1
555 28 115 117 120 -1
556 5 16 33 51 56 77 102 122 123 124 127 132 -1
557 3 9 13 75 102 125 -1
558 5 18 33 36 39 56 77 96 102 -1
559 77 124 -1
560 15 134 -1
561 11 19 37 51 53 77 83 96 102 120 122 126 127 131 136 137 140 -1
562 41 86 90 102 138 143 -1
563 16 21 24 48 96 102 126 131 133 136 141 144 -1
564 16 43 45 77 120 134 -1
565 46 49 -1
566 13 15 37 43 58 102 126 155 -1
567 8 12 42 51 53 56 63 122 127 146 152 157 158 -1
568 2 8 13 43 71 147 148 154 156 -1
569 5 13 23 28 33 38 77 150 -1
570 8 102 160 -1
571 9 156 -1
572 8 13 31 43 51 62 152 155 -1
573 13 77 102 138 163 -1
574 8 16 19 39 53 59 102 122 159 162 164 166 170 171 -1
575 13 16 19 24 25 30 53 75 87 148 149 159 161 163 -1
576 16 22 32 87 102 126 170 172 -1
577 12 13 15 19 45 87 -1
578 12 19 53 102 155 165 -1
579 1 8 13 34 36 41 42 53 59 102 169 174 175 184 -1
580 4 8 17 33 43 77 92 102 162 180 181 182 185 -1
581 13 134 -1
582 11 102 131 -1
583 45 52 -1
584 95 173 176 188 -1
585 13 33 53 58 102 178 184 -1
586 13 45 -1
587 12 49 177 179 -1
588 168 187 -1
589 34 50 52 181 187 196 -1
590 6 16 30 35 53 56 77 96 102 157 170 171 192 193 194 197 198 200 -1
591 7 38 53 59 60 163 168 191 201 202 -1
592 29 33 56 102 157 171 -1
593 2 13 16 189 -1
594 31 137 156 188 197 199 -1
595 53 63 102 159 178 186 190 192 193 194 195 197 -1
596 18 178 198 -1
597 1 9 10 30 32 38 53 102 122 135 137 157 171 197 203 204 205 208 209 211 215 -1
598 25 30 52 102 156 157 181 186 205 210 212 -1
599 8 28 96 122 131 -1
600 13 38 102 -1
601 13 102 122 135 205 207 214 217 -1
602 1 16 20 43 102 138 218 219 221 223 224 -1
603 53 62 65 122 174 201 205 215 228 229 -1
604 18 40 137 159 215 220 225 226 227 230 231 -1
605 38 215 -1
606 102 160 218 -1
607 102 223 -1
608 56 102 135 137 174 230 231 -1
609 187 222 -1
610 8 13 67 68 69 70 -1
611 1 8 13 16 18 28 37 38 52 58 63 65 68 70 79 -1
612 1 13 16 18 22 30 36 51 57 60 61 64 71 72 74 80 -1
613 1 21 28 36 73 -1
614 16 27 38 77 -1
615 33 75 76 -1
616 16 19 28 38 63 65 70 83 -1
617 36 46 78 82 -1
618 2 77 -1
619 14 16 28 29 30 39 51 56 79 86 -1
620 9 22 30 38 52 77 84 92 98 99 -1
621 13 16 28 38 39 56 58 94 96 97 -1
622 15 101 -1
623 13 44 90 95 -1
624 28 30 41 45 55 62 79 -1
625 15 45 81 102 -1
626 12 19 108 109 -1
627 28 56 59 81 103 110 111 112 -1
628 16 25 30 33 40 53 77 98 102 105 106 107 -1
629 1 12 28 29 32 96 102 103 113 114 -1
630 2 15 45 52 77 92 98 102 104 -1
631 15 33 71 102 -1
632 22 28 102 -1
633 13 58 -1
634 5 11 16 33 34 37 51 53 56 75 77 102 115 116 117 119 120 122 123 127 131 132 136 -1
635 3 9 13 31 75 77 90 102 118 121 125 -1
636 5 13 23 36 39 48 56 77 96 102 126 131 136 -1
637 12 50 130 131 -1
638 13 15 16 38 53 102 126 142 -1
639 12 19 38 51 53 55 77 83 96 102 120 122 124 126 131 137 140 146 -1
640 13 18 24 30 41 43 71 86 102 138 143 147 148 149 -1
641 16 18 24 102 131 133 141 144 -1
642 55 77 102 122 131 139 -1
643 28 51 122 -1
644 1 13 19 20 43 50 102 155 -1
645 6 8 16 19 56 59 110 122 127 152 157 158 162 164 -1
646 4 5 8 16 38 148 154 159 161 163 -1
647 5 8 14 16 21 22 28 36 108 150 -1
648 14 153 -1
649 8 12 15 45 102 160 -1
650 77 102 138 163 -1
651 1 3 42 53 59 102 122 166 169 170 171 174 175 -1
652 2 43 53 75 87 156 159 162 -1
653 16 33 102 170 172 -1
654 13 19 45 102 -1
655 95 156 173 -1
656 12 13 19 53 102 155 165 -1
657 156 176 -1
658 10 16 36 53 62 102 157 159 184 -1
659 33 92 102 180 181 182 185 -1
660 87 134 -1
661 13 102 131 -1
662 176 188 -1
663 16 34 38 51 53 56 102 157 170 171 192 193 194 197 198 200 -1
664 25 53 59 163 168 191 -1
665 29 33 102 157 171 -1
666 11 13 33 -1
667 2 16 87 189 -1
668 31 33 137 156 188 197 199 -1
669 53 102 159 178 186 190 193 194 195 197 -1
670 16 52 -1
671 1 30 32 35 53 96 102 122 135 137 157 171 197 203 204 205 208 209 211 215 -1
672 102 156 157 181 186 201 202 205 210 212 -1
673 28 38 96 122 131 -1
674 13 15 43 102 -1
675 89 102 216 -1
676 102 122 135 192 205 207 214 217 -1
677 20 37 43 102 138 196 218 219 221 223 224 -1
678 1 28 42 102 122 174 182 201 205 215 228 229 -1
679 7 15 17 30 40 53 105 137 156 159 186 215 220 225 226 227 230 231 232 -1
680 21 215 234 235 -1
681 15 160 233 -1
682 16 223 -1
683 56 135 137 174 192 230 231 -1
684 64 237 242 -1
685 9 19 41 137 175 208 229 240 244 250 251 -1
686 8 13 19 30 102 159 172 199 241 246 247 248 249 -1
687 8 21 33 241 -1
688 52 137 138 218 224 237 239 252 -1
689 26 57 -1
690 13 19 27 102 125 197 241 -1
691 2 245 253 254 -1
692 13 37 102 224 264 -1
693 30 53 70 96 122 157 184 224 229 274 286 -1
694 13 90 138 246 262 265 269 272 273 281 -1
695 23 28 38 41 224 276 277 278 279 282 -1
696 55 70 -1
697 30 51 55 70 90 102 127 155 159 184 224 283 -1
698 1 284 285 -1
699 102 142 -1
700 52 283 -1
701 2 13 43 70 126 224 237 242 291 304 -1
702 9 51 53 56 98 122 127 157 197 208 224 229 238 268 288 290 292 295 296 298 -1
703 53 92 197 224 262 272 297 303 -1
704 13 122 224 -1
705 155 300 301 -1
706 21 53 264 290 293 -1
707 19 45 -1
708 6 16 21 53 56 110 119 122 126 157 163 192 197 212 222 224 229 272 274 304 308 310 316 319 320 323 324 326 -1
709 2 31 38 70 71 105 156 159 237 267 272 286 311 312 313 -1
710 21 96 222 224 242 308 325 -1
711 15 45 52 77 302 318 -1
712 27 30 71 102 135 218 304 316 -1
713 86 247 309 -1
714 224 322 -1
715 135 171 -1
716 1 8 12 13 15 16 19 20 34 43 45 50 52 64 67 68 69 70 77 102 108 109 126 138 142 155 163 181 187 196 219 221 223 224 237 242 299 304 327 -1
717 1 5 8 10 11 12 13 14 16 18 19 28 30 32 33 34 35 36 37 38 41 42 51 52 53 55 56 58 59 62 63 65 68 70 75 77 79 81 83 86 96 102 103 110 111 112 116 120 122 123 124 126 127 131 132 135 136 137 140 146 152 153 157 158 159 162 164 166 169 170 171 174 175 182 184 192 193 194 197 198 200 201 203 204 205 211 215 228 229 240 244 250 251 255 256 257 266 268 270 275 299 304 305 306 307 314 321 -1
718 1 3 5 8 9 13 15 16 17 18 19 22 24 25 30 33 36 38 40 41 43 51 52 53 59 60 61 64 71 72 75 77 80 84 86 87 92 98 99 102 105 106 107 118 121 125 137 138 143 147 148 154 156 157 159 161 162 163 165 168 172 180 181 182 185 186 191 200 201 202 205 210 212 220 225 226 227 230 231 232 241 242 247 248 249 260 261 262 264 265 267 299 304 305 310 312 325 332 333 -1
719 1 5 8 12 13 14 16 18 21 24 28 29 32 33 34 36 38 48 56 73 77 87 94 96 97 102 103 108 113 122 126 131 133 134 136 141 144 150 157 170 171 172 215 224 234 235 241 258 280 323 324 329 335 -1
720 13 27 33 38 45 55 77 102 122 128 131 139 153 272 304 336 -1
721 28 206 -1
722 2 8 12 13 15 16 19 31 43 45 52 77 87 98 101 102 104 134 137 138 160 189 218 224 233 237 239 252 301 328 -1
723 9 13 15 31 33 44 75 89 90 95 102 128 137 156 173 188 197 199 216 223 263 301 -1
724 9 18 26 57 -1
725 8 12 13 16 19 22 28 30 31 33 36 38 41 43 45 53 55 56 58 62 63 65 70 77 83 102 115 117 120 122 124 125 135 137 153 155 159 165 174 178 184 186 190 192 193 194 195 197 207 214 231 238 241 242 251 272 294 322 332 334 -1
726 2 16 45 77 79 95 100 -1
727 30 33 71 76 89 90 95 102 135 263 -1
728 2 34 36 46 47 49 76 77 78 87 88 142 166 172 183 213 245 253 254 -1
729 13 19 102 131 -1
730 13 16 45 52 53 70 77 81 102 134 137 159 187 237 252 264 -1
731 33 54 66 89 229 304 -1
732 33 79 89 95 100 156 176 216 -1
733 58 68 86 135 167 236 -1
734 18 25 33 53 70 102 137 155 156 171 178 186 187 197 198 222 237 238 241 295 331 -1
735 77 85 151 -1
736 38 45 122 155 -1
737 77 264 -1
738 12 49 91 177 179 187 222 -1
739 102 108 168 187 -1
740 12 50 130 131 235 243 -1
741 59 272 304 330 -1
742 89 304 305 -1
743 192 294 304 330 -1
744 8 13 237 241 264 -1
745 16 19 21 28 39 51 56 102 122 127 182 184 204 208 215 272 283 286 289 341 348 349 350 -1
746 16 21 30 33 68 102 149 272 301 325 337 339 345 346 347 -1
747 39 77 114 338 343 -1
748 16 33 272 340 -1
749 15 120 340 -1
750 156 159 340 -1
751 52 56 159 197 229 230 237 272 301 348 349 350 -1
752 68 148 320 342 343 348 -1
753 52 237 242 -1
754 237 282 344 -1
755 43 52 138 222 273 323 359 -1
756 15 30 51 53 115 122 135 157 174 204 215 304 320 325 348 350 351 -1
757 30 68 87 184 282 337 345 352 -1
758 304 350 -1
759 354 355 356 -1
760 33 71 76 -1
761 16 53 152 205 264 304 305 325 348 350 352 360 -1
762 51 184 -1
763 13 38 43 53 340 -1
764 16 53 56 63 122 175 184 215 272 348 360 362 367 368 369 -1
765 4 8 16 70 74 87 311 337 340 352 361 365 366 -1
766 39 56 122 325 363 -1
767 184 217 281 325 348 -1
768 90 156 176 -1
769 53 56 68 102 123 134 184 364 370 -1
770 43 371 -1
771 1 13 28 39 53 102 134 157 159 232 319 335 337 -1
772 52 57 102 142 148 162 165 171 224 241 319 325 351 362 371 372 373 374 376 -1
773 352 377 -1
774 43 45 375 377 -1
775 31 135 157 184 240 295 337 370 -1
776 157 162 184 241 337 378 -1
777 218 366 379 -1
778 3 102 122 382 383 -1
779 30 90 304 380 383 386 -1
780 102 122 135 295 381 -1
781 156 381 388 -1
782 381 388 -1
783 267 342 384 -1
784 136 387 -1
785 138 352 -1
786 58 168 242 -1
787 28 53 59 79 102 120 157 171 208 209 259 341 -1
788 159 200 229 304 370 383 384 391 397 -1
789 13 16 22 58 341 369 398 400 -1
790 45 102 353 392 395 -1
791 272 377 381 393 -1
792 79 309 385 390 -1
793 157 353 358 392 395 -1
794 33 388 389 -1
795 15 43 52 87 242 -1
796 11 16 53 55 117 122 157 201 208 215 235 274 292 325 408 -1
797 7 13 159 402 403 407 -1
798 21 25 28 246 338 404 -1
799 11 55 -1
800 2 29 404 -1
801 15 92 375 -1
802 16 89 156 176 388 409 -1
803 9 16 51 55 122 126 157 317 370 -1
804 401 405 -1
805 388 409 -1
806 238 242 267 272 -1
807 8 29 38 102 122 157 182 184 227 244 403 429 -1
808 68 156 159 184 199 215 224 273 409 410 412 413 423 426 -1
809 52 102 122 137 184 199 247 406 420 -1
810 14 390 -1
811 101 424 425 -1
812 415 417 418 421 423 -1
813 19 52 227 325 335 375 378 406 414 427 -1
814 89 415 -1
815 39 135 199 227 401 403 411 416 419 -1
816 242 264 428 -1
817 77 93 126 -1
818 129 422 -1
819 262 382 403 -1
820 264 336 -1
821 2 20 58 67 68 69 70 -1
822 1 3 8 11 18 28 36 37 38 52 58 62 68 70 79 -1
823 3 4 5 9 13 16 17 18 22 25 30 36 51 52 57 64 71 72 74 80 -1
824 1 28 29 36 73 -1
825 16 38 77 -1
826 15 75 76 -1
827 16 19 28 38 70 83 -1
828 19 77 -1
829 8 16 28 29 30 41 42 51 55 56 79 -1
830 19 30 52 60 77 92 98 99 -1
831 16 21 39 58 94 96 97 -1
832 22 28 30 41 45 55 65 79 -1
833 95 100 -1
834 4 34 76 87 88 -1
835 45 81 -1
836 33 89 95 100 -1
837 28 56 65 75 81 86 103 110 111 112 115 116 117 -1
838 1 16 30 33 40 53 77 84 98 102 105 106 107 118 -1
839 12 21 28 29 96 102 103 108 113 114 -1
840 15 33 71 90 102 -1
841 102 115 117 -1
842 2 45 77 79 -1
843 33 71 90 102 -1
844 79 90 -1
845 5 9 11 16 34 51 53 56 77 102 119 120 122 123 124 127 131 132 136 -1
846 9 13 38 75 77 90 102 121 -1
847 5 33 36 39 56 77 96 102 126 131 133 -1
848 38 55 128 -1
849 44 128 -1
850 19 77 120 124 -1
851 15 45 134 -1
852 1 13 16 38 53 102 142 -1
853 16 19 37 51 53 77 83 96 102 122 126 131 137 140 146 -1
854 13 38 41 61 86 102 125 138 143 147 -1
855 16 21 24 28 38 102 131 136 141 144 -1
856 13 15 43 64 102 155 -1
857 8 12 14 16 19 53 59 122 127 152 158 162 164 -1
858 2 8 30 43 148 149 154 156 159 161 163 -1
859 5 8 16 48 150 -1
860 8 13 31 43 53 102 152 155 165 -1
861 13 34 77 138 163 -1
862 1 19 35 42 53 59 122 157 166 169 170 171 174 175 -1
863 22 43 53 75 87 159 162 -1
864 13 87 102 170 -1
865 16 95 156 173 176 -1
866 12 13 19 102 155 178 -1
867 37 181 187 -1
868 16 33 53 56 59 102 120 157 170 184 192 193 -1
869 53 59 92 102 163 168 180 181 182 185 191 -1
870 32 38 134 171 -1
871 156 188 -1
872 13 53 58 102 122 159 186 190 192 -1
873 36 183 -1
874 34 52 126 181 187 196 -1
875 10 30 32 38 39 53 96 102 127 135 137 157 171 194 197 198 200 203 204 205 208 209 211 -1
876 30 40 156 186 201 202 210 212 -1
877 33 96 102 122 131 157 -1
878 9 31 89 137 199 -1
879 53 102 122 178 193 194 195 197 207 -1
880 1 13 28 102 122 135 157 174 182 197 201 205 215 228 229 -1
881 7 8 15 53 71 102 105 137 157 159 181 186 205 215 220 226 227 230 231 232 -1
882 8 22 28 36 215 234 235 -1
883 11 102 -1
884 15 16 31 43 102 160 218 233 -1
885 56 102 135 137 174 192 205 214 217 230 231 -1
886 2 86 213 -1
887 8 12 13 50 237 242 -1
888 6 13 38 51 53 63 102 137 159 175 208 229 240 244 250 251 255 -1
889 24 30 33 77 102 156 159 172 199 225 241 246 247 248 249 -1
890 13 14 18 21 23 28 172 241 -1
891 52 137 138 237 239 252 -1
892 156 197 -1
893 13 33 62 63 102 125 184 197 241 -1
894 172 245 253 254 -1
895 53 137 178 237 238 -1
896 13 34 122 127 153 182 192 238 256 257 259 266 268 -1
897 31 159 184 200 220 260 261 262 265 267 -1
898 1 56 96 102 258 -1
899 27 33 -1
900 52 101 224 237 -1
901 33 263 -1
902 13 27 36 102 153 238 251 264 -1
903 20 58 64 77 -1
904 8 11 16 28 36 37 38 39 52 56 70 79 -1
905 13 16 18 22 25 36 51 57 64 71 74 77 80 84 92 -1
906 1 13 14 28 36 73 -1
907 38 45 77 -1
908 13 16 75 76 -1
909 16 19 22 28 38 41 55 83 -1
910 4 36 76 78 82 86 87 88 -1
911 45 77 81 -1
912 2 8 12 13 19 108 -1
913 16 19 28 29 30 38 51 79 86 103 -1
914 9 19 24 30 43 52 98 99 102 105 106 107 -1
915 12 13 16 22 29 38 48 58 94 96 102 103 -1
916 16 33 38 -1
917 19 28 30 70 79 102 -1
918 77 79 95 100 -1
919 77 93 -1
920 28 34 51 55 56 75 81 110 111 112 115 116 117 119 120 122 123 -1
921 8 16 33 38 40 52 53 60 77 102 118 121 125 -1
922 1 8 21 28 32 56 77 108 113 114 126 -1
923 2 15 16 45 52 77 92 98 -1
924 63 77 115 117 120 -1
925 2 45 -1
926 19 67 -1
927 5 8 9 16 33 35 37 51 53 56 58 77 102 122 124 126 127 131 132 136 137 -1
928 4 7 9 13 17 41 75 77 90 -1
929 5 28 33 36 39 77 96 102 126 131 133 136 -1
930 11 33 128 -1
931 13 27 45 62 124 -1
932 30 33 135 -1
933 13 15 16 37 43 53 70 102 126 142 155 -1
934 1 12 19 51 53 56 77 83 96 102 120 122 127 131 137 140 146 152 157 -1
935 3 8 13 30 41 43 71 86 102 138 143 147 148 149 154 -1
936 5 16 21 36 102 131 141 144 150 -1
937 16 31 43 45 77 102 120 134 -1
938 13 31 43 51 122 152 155 -1
939 46 47 -1
940 13 50 102 -1
941 8 11 13 14 16 19 34 53 59 122 158 162 164 169 -1
942 2 22 31 148 156 159 161 163 -1
943 8 16 56 -1
944 12 19 43 53 102 155 165 -1
945 49 142 166 -1
946 1 3 13 18 41 42 53 59 102 157 159 166 170 171 174 175 -1
947 8 30 33 40 53 87 92 102 159 162 180 181 182 185 -1
948 13 18 23 24 29 87 96 102 170 172 -1
949 55 102 131 -1
950 13 15 45 -1
951 13 33 53 58 65 102 178 184 -1
952 68 135 -1
953 18 102 186 -1
954 187 196 -1
955 16 53 56 59 62 157 170 171 184 192 193 194 -1
956 1 18 25 53 75 163 168 191 -1
957 38 97 134 157 171 -1
958 13 28 53 102 159 186 190 192 193 194 195 -1
959 75 156 -1
960 34 38 52 181 -1
961 1 6 10 30 65 96 102 135 137 157 171 197 198 200 203 204 205 208 209 -1
962 5 30 38 61 72 156 201 202 -1
963 28 33 96 102 122 131 -1
964 2 13 189 -1
965 9 31 89 137 197 199 -1
966 53 102 178 197 207 -1
967 70 187 -1
968 30 42 53 102 122 135 157 174 197 205 211 215 228 229 -1
969 30 59 102 137 157 159 181 186 205 210 212 215 220 225 226 227 230 -1
970 102 188 216 223 -1
971 56 102 122 135 137 174 205 214 217 231 -1
972 16 187 -1
973 1 68 69 237 242 -1
974 30 32 68 102 137 175 182 201 208 229 240 244 250 251 -1
975 15 16 30 53 102 105 156 159 172 199 220 231 232 241 246 247 248 249 -1
976 21 234 235 241 -1
977 52 137 138 224 233 237 239 252 -1
978 8 13 102 125 192 197 230 241 -1
979 2 77 172 245 253 -1
