0 1 3 4 5 6 7 8 9 10 11 12 13 14 15 16 17 18 19 22 23 24 27 29 30 31 32 35 37 39 40 41 42 43 47 48 50 51 53 -1
1 7 22 -1
2 6 20 -1
3 7 26 38 44 45 46 52 -1
4 21 28 34 54 -1
5 21 38 -1
6 1 2 3 6 7 9 10 12 14 17 18 19 22 23 27 28 29 31 33 35 36 37 40 41 43 45 49 50 55 57 59 60 61 62 63 64 66 68 69 70 71 72 73 74 75 76 77 79 -1
7 12 18 59 71 74 -1
8 14 41 -1
9 6 62 -1
10 6 7 14 17 18 45 56 57 63 65 84 85 -1
11 2 12 67 80 81 83 85 -1
12 46 85 -1
13 2 12 19 80 81 83 -1
14 7 43 -1
15 6 58 67 78 -1
16 1 2 3 4 6 7 8 9 12 14 17 18 19 22 24 31 35 36 39 40 42 44 45 48 50 51 53 55 56 63 64 70 71 75 77 85 86 87 88 89 90 91 92 93 94 95 96 97 99 101 103 104 107 108 109 110 111 113 114 115 116 117 118 120 122 123 124 125 126 127 128 129 130 131 134 135 137 -1
17 6 7 8 12 121 126 127 -1
18 7 15 24 40 51 71 90 99 101 103 -1
19 12 102 -1
20 6 39 44 71 86 -1
21 7 12 14 21 24 40 51 82 90 94 102 105 107 112 114 115 119 132 -1
22 12 14 53 90 98 102 103 106 133 136 -1
23 15 51 -1
24 90 102 136 -1
25 7 79 92 95 114 -1
26 102 136 -1
27 100 103 106 -1
28 19 101 -1
29 1 3 5 6 7 8 9 10 12 14 15 17 18 19 22 23 24 27 28 29 30 31 32 33 35 36 37 39 40 41 42 43 47 48 50 51 53 55 57 59 60 61 62 63 64 66 68 69 71 72 73 74 75 76 77 79 -1
30 18 22 59 71 74 -1
31 6 19 62 -1
32 6 7 14 17 18 21 26 38 44 45 46 52 56 57 63 65 -1
33 2 12 21 28 34 67 81 -1
34 21 38 46 -1
35 2 12 19 25 81 -1
36 6 58 78 -1
37 1 2 3 4 6 7 9 12 14 16 17 18 19 22 24 31 35 39 40 43 44 48 50 51 63 71 72 75 77 85 86 87 88 89 90 91 92 93 94 95 96 97 99 101 103 104 107 108 109 110 111 113 114 115 116 117 118 122 123 -1
38 6 7 12 121 -1
39 7 12 15 24 40 51 71 90 99 101 103 -1
40 6 39 71 86 -1
41 7 12 14 24 51 82 84 85 90 94 102 105 107 112 115 119 -1
42 12 14 53 54 80 83 85 90 98 102 103 106 -1
43 15 51 85 -1
44 7 92 95 114 -1
45 100 103 -1
46 5 6 7 8 9 10 12 14 17 18 31 37 39 40 42 45 50 51 53 55 56 59 71 72 86 88 90 94 96 99 109 115 124 125 126 128 129 130 131 134 137 139 140 141 144 145 148 149 151 154 -1
47 126 127 -1
48 51 59 64 -1
49 6 139 -1
50 1 6 9 12 28 37 40 46 60 85 90 102 105 112 114 132 138 140 143 144 145 148 152 -1
51 1 28 90 102 117 133 136 146 150 152 -1
52 51 149 -1
53 55 79 114 142 -1
54 1 3 4 6 7 9 12 18 24 27 31 35 40 45 51 59 71 75 85 86 90 94 99 109 111 113 114 115 117 120 126 137 140 145 148 149 153 156 157 158 159 160 162 164 165 167 168 169 170 174 175 176 -1
55 40 59 71 85 90 -1
56 9 12 51 90 147 163 165 -1
57 6 9 12 26 46 71 90 114 115 121 132 136 144 147 149 155 159 163 165 172 -1
58 64 80 85 90 114 117 125 147 163 166 171 172 -1
59 26 46 132 136 144 149 172 -1
60 85 90 125 161 -1
61 7 12 90 113 -1
62 40 85 -1
63 75 90 117 126 -1
64 1 6 7 12 14 17 23 37 39 40 51 59 70 71 77 81 109 113 114 124 127 147 161 165 175 177 178 179 186 189 191 197 -1
65 37 59 197 -1
66 51 165 -1
67 1 12 64 71 181 182 -1
68 6 9 14 26 40 51 114 117 123 147 148 161 163 172 183 185 187 188 192 193 194 196 -1
69 26 28 78 117 180 190 195 198 -1
70 117 148 -1
71 80 90 199 -1
72 6 53 114 168 171 -1
73 78 190 -1
74 1 3 7 9 12 13 14 19 22 27 39 40 50 51 55 64 66 70 71 77 79 86 90 94 107 109 114 123 130 137 149 165 167 179 183 186 189 200 206 207 209 210 213 -1
75 12 66 71 -1
76 9 14 51 90 148 165 -1
77 19 44 71 179 186 189 200 201 205 -1
78 9 12 14 26 35 40 51 114 123 132 147 161 172 194 202 203 214 218 -1
79 117 179 -1
80 26 161 165 -1
81 78 204 208 212 -1
82 56 146 -1
83 79 215 216 -1
84 1 2 3 5 6 7 9 11 12 18 19 30 33 35 40 51 60 64 71 72 85 94 100 109 111 113 114 115 123 127 132 135 137 142 147 161 165 167 170 179 186 206 214 217 219 221 222 223 224 226 227 228 230 231 232 233 234 235 238 240 241 243 244 245 -1
85 7 35 40 51 85 123 158 165 179 -1
86 52 163 230 239 -1
87 14 86 179 219 -1
88 7 14 31 51 112 114 117 130 132 147 154 155 161 165 185 214 242 248 -1
89 14 184 220 237 246 -1
90 132 196 -1
91 211 225 -1
92 2 60 111 137 157 227 236 240 241 247 -1
93 130 147 -1
94 5 7 9 12 18 22 26 35 39 49 51 66 71 93 107 109 111 113 120 127 137 158 168 179 182 186 188 227 243 244 252 256 261 265 266 269 270 272 273 -1
95 51 71 158 179 249 270 -1
96 9 214 264 -1
97 66 179 244 265 -1
98 7 9 26 45 46 51 112 114 117 168 179 203 214 249 253 258 260 264 266 274 -1
99 46 117 171 254 255 259 263 267 268 -1
100 39 179 -1
101 67 263 -1
102 183 250 263 -1
103 46 117 255 -1
104 7 9 23 35 49 59 64 70 71 72 86 94 96 109 111 113 114 123 127 137 149 158 166 168 179 182 187 230 243 244 245 261 262 273 276 277 279 280 281 284 287 288 292 293 294 298 301 302 307 309 310 -1
105 26 64 290 291 -1
106 12 123 -1
107 165 203 276 -1
108 71 86 94 127 179 282 297 -1
109 7 9 26 41 86 112 114 147 148 149 163 165 168 179 180 185 266 271 275 276 279 283 286 289 305 309 310 -1
110 114 117 149 203 204 257 271 285 299 308 -1
111 26 163 286 289 -1
112 271 302 303 304 -1
113 85 276 -1
114 77 295 300 -1
115 2 7 9 12 14 17 24 35 37 39 51 60 71 94 109 111 114 127 132 137 155 158 165 177 179 182 189 205 222 228 269 271 273 277 279 284 290 296 303 311 312 315 317 318 320 323 324 327 328 330 331 334 335 336 338 344 345 -1
116 7 9 51 132 165 179 284 340 -1
117 7 165 -1
118 179 228 294 302 322 -1
119 9 12 14 24 26 39 51 56 64 71 111 114 117 132 136 165 168 179 203 214 271 276 289 306 313 316 318 325 326 329 332 339 -1
120 6 117 136 184 251 271 318 319 333 337 -1
121 132 276 -1
122 14 319 321 -1
123 136 333 -1
124 1 4 6 9 12 14 18 19 23 27 39 40 41 51 66 71 86 94 96 103 109 111 113 114 127 130 137 145 158 163 179 189 222 261 262 265 266 272 279 284 289 307 314 316 323 327 334 335 342 343 347 350 357 358 359 361 362 363 365 371 379 380 -1
125 9 39 40 90 109 165 363 364 -1
126 88 165 374 -1
127 29 71 361 -1
128 39 85 90 203 271 272 283 289 290 331 348 351 352 353 356 359 369 -1
129 14 56 117 259 263 271 299 302 341 342 346 348 351 354 355 356 370 372 373 375 -1
130 26 271 351 373 377 -1
131 83 117 253 263 299 337 367 368 381 -1
132 341 381 -1
133 14 79 112 113 155 171 261 357 -1
134 37 109 -1
135 83 166 263 356 367 368 370 -1
136 14 71 90 100 119 306 349 360 378 382 -1
137 14 356 372 373 375 377 -1
138 231 366 -1
139 12 14 18 31 42 47 50 51 57 59 77 79 85 94 111 113 115 123 130 137 140 141 159 165 179 197 222 230 244 245 273 277 278 282 284 302 311 314 334 335 348 358 364 367 368 383 385 386 391 394 395 396 399 404 405 407 -1
140 51 94 165 387 393 -1
141 132 165 -1
142 137 179 284 -1
143 21 42 79 90 121 123 165 185 278 311 313 334 348 356 359 377 384 387 392 401 406 408 -1
144 83 84 85 154 247 368 373 377 381 385 400 -1
145 397 398 -1
146 117 126 159 166 368 381 385 400 -1
147 154 263 368 390 402 403 -1
148 39 262 388 -1
149 84 373 -1
150 295 303 -1
151 1 3 6 7 9 10 12 13 14 17 18 19 22 24 27 28 29 30 31 32 33 35 36 37 39 40 41 42 43 45 47 48 49 50 51 53 55 57 59 60 61 62 63 64 66 68 69 70 71 72 73 74 75 76 77 -1
152 12 18 22 59 74 -1
153 7 14 17 18 26 38 44 45 46 52 56 57 63 65 -1
154 28 34 54 67 -1
155 19 25 -1
156 6 58 67 -1
157 1 3 4 5 6 7 8 9 11 12 14 17 18 19 22 23 24 29 31 35 37 39 40 44 45 50 51 55 63 71 75 77 79 85 86 87 88 89 90 91 92 93 94 95 96 97 101 103 104 107 108 109 110 111 113 114 115 116 117 -1
158 6 7 12 -1
159 7 12 102 -1
160 6 44 86 -1
161 6 7 14 21 24 82 84 85 90 94 102 105 107 112 -1
162 2 12 21 53 80 81 83 85 90 98 102 103 -1
163 2 12 80 81 83 -1
164 92 95 114 -1
165 78 102 -1
166 1 2 3 5 6 7 8 9 12 17 18 31 35 37 39 42 48 50 51 53 55 56 59 64 70 71 72 77 86 88 90 94 96 99 101 115 118 120 122 123 124 125 126 127 128 129 130 131 134 135 137 139 140 141 144 145 148 149 153 154 156 157 158 159 -1
167 121 126 127 -1
168 12 147 -1
169 6 39 71 139 -1
170 1 6 9 12 31 37 40 46 51 60 85 90 94 102 105 112 114 115 119 132 138 140 143 144 145 148 152 155 159 -1
171 1 28 85 90 102 106 117 133 136 146 150 152 -1
172 90 117 -1
173 1 3 6 7 9 12 17 24 27 35 40 51 59 71 75 85 86 88 90 94 99 109 111 113 114 115 117 126 137 140 145 148 149 160 162 163 164 165 167 168 169 170 174 175 176 177 178 179 -1
174 7 40 59 71 85 90 -1
175 9 51 90 163 165 -1
176 12 64 181 -1
177 9 12 26 71 90 114 121 132 136 144 147 149 161 163 165 172 -1
178 28 64 80 90 114 117 125 147 163 166 171 172 180 -1
179 90 125 161 -1
180 7 12 53 90 113 168 -1
181 5 6 7 9 12 14 17 19 23 37 39 40 50 51 59 64 71 77 79 81 94 109 113 114 123 147 165 167 175 178 179 182 183 186 189 191 197 -1
182 37 197 -1
183 9 14 51 165 -1
184 1 71 182 186 189 200 201 -1
185 6 9 14 26 40 46 51 117 123 147 148 161 163 168 183 185 187 188 192 193 194 196 202 203 -1
186 6 26 78 117 179 184 190 195 198 -1
187 117 148 196 -1
188 199 204 -1
189 56 195 -1
190 6 79 114 171 -1
191 1 4 6 7 9 12 16 17 19 22 27 30 33 35 39 40 51 66 70 71 85 86 90 94 100 107 109 114 123 127 130 137 147 149 158 165 167 179 186 200 206 207 209 210 213 219 221 222 223 224 226 227 230 -1
192 12 35 40 66 71 85 123 158 -1
193 51 90 148 165 -1
194 14 19 179 205 219 -1
195 12 14 26 51 112 114 117 123 130 132 147 154 161 165 172 194 214 218 -1
196 14 117 179 220 -1
197 78 208 212 -1
198 215 227 -1
199 3 5 6 7 9 12 14 18 19 22 39 51 60 64 66 71 72 93 94 107 109 111 113 114 115 120 132 137 142 147 161 165 167 170 179 206 214 226 227 228 231 232 233 234 235 238 240 241 243 244 245 252 256 261 -1
200 7 51 165 179 249 -1
201 9 52 163 230 239 -1
202 66 137 179 244 -1
203 7 9 51 112 114 117 132 147 155 161 179 214 242 248 249 253 258 -1
204 46 237 246 251 254 255 257 259 -1
205 2 39 60 111 137 157 179 236 240 241 247 262 -1
206 223 261 -1
207 46 255 -1
208 2 7 9 12 18 22 23 26 32 35 49 59 71 86 94 109 123 127 137 158 168 179 182 186 187 188 227 230 243 244 262 265 266 269 270 272 273 277 280 281 284 287 -1
209 26 290 -1
210 71 123 158 179 270 -1
211 214 264 -1
212 179 265 282 -1
213 7 26 35 41 46 86 112 147 148 165 168 179 180 185 203 214 260 264 266 274 275 278 279 286 289 -1
214 117 171 203 267 268 271 285 -1
215 26 286 -1
216 85 183 276 -1
217 4 6 7 9 10 12 14 19 24 39 59 60 71 72 94 109 111 114 127 137 149 161 165 168 177 179 182 205 228 244 245 261 271 273 276 279 284 287 288 292 293 294 296 298 301 302 303 307 309 310 311 312 314 315 317 320 -1
218 64 291 -1
219 9 12 132 -1
220 19 71 86 94 127 179 294 297 302 322 -1
221 9 12 24 26 114 149 163 168 271 276 283 289 305 306 309 310 313 316 318 -1
222 114 117 136 149 204 271 299 308 318 319 -1
223 132 163 276 289 -1
224 271 302 303 304 319 321 -1
225 77 144 295 300 -1
226 7 9 14 23 24 37 39 40 51 66 71 72 77 94 109 111 127 132 137 145 155 158 165 179 189 200 217 222 228 262 265 269 273 277 279 284 289 290 314 316 318 323 324 327 328 330 331 334 335 336 338 342 343 344 345 347 350 -1
227 51 165 179 284 340 -1
228 51 88 165 -1
229 29 179 228 -1
230 14 26 39 51 56 64 71 90 111 114 117 132 136 165 179 203 214 271 272 289 325 326 329 332 339 348 351 353 -1
231 117 136 184 271 333 337 341 346 351 -1
232 132 351 -1
233 14 117 -1
234 136 166 263 333 -1
235 71 119 271 349 -1
236 46 117 -1
237 1 2 6 7 9 12 14 15 19 23 27 39 40 71 86 103 109 113 114 127 130 137 140 179 189 222 261 266 272 279 284 307 323 327 335 357 358 359 361 362 363 364 365 371 379 -1
238 9 40 109 165 363 364 -1
239 71 361 -1
240 85 90 271 283 290 331 359 369 -1
241 14 56 259 263 299 302 348 354 355 356 370 372 373 375 -1
242 26 271 377 -1
243 83 263 299 337 367 368 -1
244 14 79 113 155 171 261 357 -1
245 83 356 367 368 370 -1
246 14 90 100 119 306 360 378 -1
247 14 356 372 375 377 -1
248 8 39 47 51 59 66 94 96 109 111 115 123 127 130 137 151 158 165 166 222 230 273 277 284 302 311 314 318 334 335 358 368 380 383 385 386 -1
249 39 51 90 94 165 387 -1
250 179 284 -1
251 21 28 39 90 123 165 185 271 311 352 356 384 387 -1
252 14 85 117 154 263 271 342 356 377 385 -1
253 26 373 -1
254 85 166 253 381 -1
255 154 381 390 -1
256 112 388 -1
257 263 382 -1
258 1 4 5 6 7 9 12 14 16 17 18 19 22 23 24 27 28 29 30 31 32 33 35 36 37 39 40 41 42 43 47 48 49 50 51 53 55 57 59 60 61 62 63 64 66 -1
259 7 22 59 -1
260 19 62 -1
261 7 14 17 18 26 38 44 45 46 52 56 57 65 -1
262 38 46 -1
263 58 67 -1
264 1 3 6 7 9 10 12 13 14 15 17 18 24 27 31 35 37 39 40 44 45 63 68 69 70 71 72 73 75 76 77 79 85 86 87 88 89 91 93 94 95 96 97 99 -1
265 7 12 15 18 24 51 71 74 99 -1
266 6 7 24 63 82 84 85 94 -1
267 2 12 80 81 83 85 90 98 -1
268 7 92 -1
269 1 2 3 6 7 8 9 12 14 18 19 22 31 42 48 50 51 53 55 64 70 71 75 77 86 88 90 92 94 96 99 101 103 104 107 108 109 110 111 113 114 115 116 117 118 120 123 124 125 126 127 128 129 130 131 134 135 -1
270 121 127 -1
271 51 90 101 103 -1
272 39 71 -1
273 12 14 21 40 51 90 94 102 105 107 112 114 115 119 132 -1
274 12 14 53 102 103 106 133 -1
275 79 95 114 -1
276 6 102 -1
277 4 6 7 9 17 35 37 39 40 42 51 55 59 71 72 86 88 90 96 99 109 115 137 139 140 141 144 145 148 149 151 153 154 -1
278 1 6 9 31 37 46 60 85 90 102 105 115 138 140 143 144 145 148 152 -1
279 1 28 85 90 102 117 136 146 150 152 -1
280 90 136 -1
281 55 142 -1
282 1 3 4 5 6 7 8 9 10 12 24 31 40 51 59 71 75 85 90 109 111 113 114 115 117 126 137 140 148 149 156 157 158 159 160 162 163 164 165 167 168 169 170 -1
283 40 59 85 -1
284 9 51 90 147 163 165 -1
285 6 9 28 90 114 121 132 136 147 155 159 163 165 -1
286 64 80 85 90 114 117 125 147 163 166 171 -1
287 12 90 113 -1
288 1 2 6 7 9 10 12 17 35 40 51 59 71 86 90 94 109 113 122 140 145 174 175 176 177 178 179 186 189 -1
289 71 90 -1
290 12 64 71 181 182 -1
291 6 12 26 46 51 71 90 123 132 144 147 148 149 161 168 172 183 185 187 188 -1
292 6 28 78 117 172 180 184 190 -1
293 53 114 168 -1
294 1 6 7 9 12 14 17 18 19 22 23 27 37 39 40 51 64 71 77 81 94 109 114 123 137 147 161 165 167 175 179 183 186 189 191 197 206 207 -1
295 9 165 -1
296 1 19 71 186 189 200 201 205 -1
297 9 14 26 35 40 51 114 117 132 147 148 154 161 163 172 193 194 196 202 203 -1
298 26 179 195 198 -1
299 21 117 148 161 196 -1
300 78 199 204 208 -1
301 114 171 -1
302 1 7 9 12 14 27 30 33 35 40 45 50 51 56 66 70 71 77 79 85 86 94 107 109 123 127 130 137 149 158 165 167 179 182 186 200 206 209 210 213 217 219 221 222 223 224 226 227 -1
303 12 35 37 40 66 71 85 123 158 -1
304 14 51 90 148 165 -1
305 14 179 186 219 -1
306 12 14 26 51 112 114 117 123 130 147 165 172 214 218 -1
307 26 165 -1
308 79 215 227 -1
309 2 3 6 7 9 11 12 18 19 51 60 64 66 71 72 94 100 109 111 113 114 115 123 132 137 142 147 161 165 167 170 179 206 214 226 227 228 230 231 232 233 234 235 238 240 241 243 244 245 -1
310 7 9 52 163 230 239 -1
311 7 9 51 132 147 155 161 179 192 214 242 248 249 -1
312 237 246 251 -1
313 2 6 60 111 137 157 179 236 240 241 247 -1
314 5 7 12 14 17 18 22 23 26 35 39 51 71 86 90 93 94 107 109 111 113 120 127 137 148 158 168 179 182 186 187 188 227 243 244 252 256 261 262 265 266 269 270 272 273 277 -1
315 71 158 179 270 -1
316 179 265 -1
317 26 41 46 86 112 114 117 148 168 179 203 214 253 258 260 264 266 274 275 278 279 -1
318 46 117 171 254 255 257 259 263 267 268 271 -1
319 39 262 -1
320 183 263 276 -1
321 1 5 7 8 9 19 35 49 59 71 72 94 111 114 123 127 149 166 168 179 182 230 243 244 245 261 273 279 280 281 284 287 288 292 293 294 296 298 301 302 -1
322 94 179 282 294 -1
323 7 26 114 147 149 165 168 179 180 185 276 283 286 289 306 -1
324 114 117 149 203 271 285 299 -1
325 302 303 304 -1
326 7 9 12 14 24 39 60 71 74 94 109 111 114 127 132 137 149 155 158 165 177 179 205 222 228 243 261 269 271 273 276 279 284 290 303 307 309 310 311 312 314 315 317 318 320 323 324 327 328 330 331 334 -1
327 9 12 132 179 -1
328 71 86 127 297 302 322 -1
329 9 12 24 26 56 111 112 114 163 165 168 203 214 271 276 289 305 309 310 313 316 318 325 326 329 332 -1
330 21 117 136 204 308 318 319 333 -1
331 14 271 319 321 -1
332 1 3 6 7 9 10 12 14 17 18 19 22 27 29 31 37 40 41 43 45 50 53 55 57 59 61 62 63 64 66 68 69 70 71 72 73 74 75 77 79 86 87 89 91 -1
333 6 44 62 86 -1
334 6 7 18 45 56 63 65 82 84 85 -1
335 2 12 67 80 81 83 85 90 -1
336 58 67 78 -1
337 1 2 3 6 7 9 12 14 17 18 19 24 31 35 39 40 44 45 48 50 51 55 63 75 77 85 86 88 90 92 93 94 95 96 97 99 101 103 104 108 109 110 111 113 114 115 116 117 118 120 122 -1
338 7 15 24 40 51 90 99 101 103 -1
339 7 12 14 24 26 46 51 90 94 102 105 107 112 115 119 -1
340 12 53 98 102 103 106 -1
341 15 46 51 -1
342 1 2 3 6 7 8 9 12 14 17 18 31 32 35 37 39 42 50 51 55 56 59 64 70 71 72 86 88 90 94 96 99 115 123 124 125 126 127 128 129 130 131 134 135 137 139 140 141 144 145 148 149 -1
343 51 59 -1
344 6 9 12 37 40 60 90 105 114 115 132 138 140 143 144 145 148 -1
345 14 90 102 117 133 136 146 150 -1
346 3 6 7 9 12 15 18 22 24 31 35 40 43 51 53 59 71 76 90 99 109 111 114 115 117 126 137 140 148 151 153 154 156 157 158 159 160 162 163 164 165 167 168 169 170 -1
347 40 59 64 -1
348 9 51 147 163 165 -1
349 1 6 9 28 31 85 90 102 114 121 132 136 147 152 155 159 163 165 -1
350 1 28 85 90 102 114 117 125 152 163 166 -1
351 132 136 -1
352 90 126 -1
353 6 7 9 12 14 17 24 27 35 36 37 40 51 59 71 75 85 86 88 90 109 113 145 174 175 176 177 178 179 186 189 191 -1
354 51 90 163 -1
355 6 12 17 26 46 51 71 90 114 123 132 144 147 148 149 161 168 172 183 187 188 -1
356 6 28 64 80 90 117 147 171 172 180 184 190 -1
357 26 46 132 144 149 172 -1
358 53 168 -1
359 75 117 -1
360 6 7 9 12 14 17 19 23 32 35 37 39 40 42 47 51 59 60 71 77 81 94 109 113 114 147 161 167 175 179 182 183 186 189 197 -1
361 7 37 197 -1
362 9 14 165 -1
363 19 71 186 189 200 -1
364 9 14 21 26 35 40 44 46 114 117 148 163 192 193 194 196 -1
365 21 26 78 90 195 198 -1
366 25 199 -1
367 6 114 171 -1
368 1 4 5 6 7 9 10 12 13 14 22 27 30 35 39 40 50 51 64 66 70 71 77 79 85 86 94 107 109 114 123 127 130 137 149 158 165 179 186 200 206 207 209 210 213 217 219 221 222 223 224 226 227 -1
369 12 40 66 71 85 123 158 -1
370 1 14 179 186 201 205 219 -1
371 12 26 40 45 51 57 114 117 123 130 132 147 154 161 165 172 194 202 203 214 218 -1
372 26 38 161 165 -1
373 114 215 216 -1
374 1 2 3 5 6 7 8 9 12 14 18 19 22 23 27 33 36 40 51 60 66 71 72 94 100 109 111 113 114 115 123 132 137 142 147 161 165 167 170 179 206 214 226 227 228 230 231 232 233 234 235 238 240 241 243 244 245 252 -1
375 7 35 51 165 179 249 -1
376 7 9 14 26 51 112 114 132 147 155 161 179 214 242 248 249 253 -1
377 46 117 237 246 251 254 255 -1
378 3 4 6 7 9 12 14 18 19 22 23 26 27 29 33 35 39 51 64 71 86 93 94 107 109 111 115 120 123 127 137 149 158 168 179 182 186 187 227 230 243 244 256 261 262 265 266 269 270 272 273 277 280 281 -1
379 19 265 -1
380 7 26 38 41 46 52 86 112 117 147 148 165 168 179 185 203 214 258 260 264 266 274 275 278 279 -1
381 28 34 117 171 257 259 263 267 268 271 -1
382 28 257 -1
383 39 43 179 262 -1
384 85 183 263 276 -1
385 1 7 9 16 18 28 30 37 40 41 49 50 59 71 72 94 109 114 127 137 149 166 168 175 179 182 244 245 261 273 279 284 287 288 292 293 294 296 298 301 302 307 -1
386 22 40 123 -1
387 86 94 127 179 282 294 297 -1
388 9 26 112 114 149 163 168 180 185 271 276 283 286 289 305 -1
389 114 117 149 203 204 271 285 299 308 -1
390 26 163 286 -1
391 7 79 -1
392 9 11 12 14 18 24 35 39 59 60 71 94 109 111 114 127 132 137 155 158 165 177 179 188 205 222 228 269 271 273 276 279 284 290 303 309 310 311 312 314 315 317 318 320 323 327 328 330 331 334 335 -1
393 71 302 322 -1
394 9 12 14 24 26 56 111 114 165 168 203 214 271 276 306 309 310 313 316 318 325 326 329 332 -1
395 117 318 319 333 337 -1
396 21 132 276 289 -1
397 1 5 6 7 8 12 14 22 24 31 37 39 48 49 51 66 71 86 94 109 111 137 140 145 179 189 222 262 265 272 273 277 279 284 289 307 316 324 327 334 335 336 338 342 343 344 345 347 350 357 358 -1
398 51 109 165 284 340 -1
399 7 88 165 -1
400 7 39 51 64 71 117 132 136 165 179 185 203 272 289 290 339 348 351 352 353 359 -1
401 34 54 56 117 136 184 263 271 299 341 346 348 351 354 355 356 -1
402 117 263 299 -1
403 166 263 356 -1
404 14 71 119 306 349 -1
405 1 3 6 7 9 10 12 13 14 17 18 19 22 24 27 31 35 37 39 40 44 45 50 57 59 62 63 64 66 68 69 70 71 72 73 74 75 76 77 86 87 88 89 91 93 94 95 -1
406 7 12 18 24 51 71 74 -1
407 6 7 14 18 24 26 45 56 63 65 82 84 85 94 -1
408 2 12 34 54 67 80 81 83 85 90 -1
409 15 21 46 51 85 -1
410 67 78 -1
411 1 3 4 6 7 9 12 14 18 19 23 29 35 40 48 50 51 55 61 75 77 79 85 86 88 90 92 94 96 97 101 103 104 107 108 109 110 111 113 114 115 116 117 118 120 122 -1
412 15 40 51 71 90 99 101 103 -1
413 12 14 21 56 90 94 102 105 107 112 115 -1
414 43 95 114 -1
415 1 2 3 4 6 7 8 9 12 15 17 18 22 31 35 37 39 42 43 50 51 53 55 56 64 70 71 72 86 88 90 94 96 99 123 124 125 126 127 128 129 130 131 134 135 137 139 140 141 144 145 148 149 -1
416 7 51 64 -1
417 12 51 -1
418 12 26 37 40 45 51 60 90 112 114 132 138 140 143 144 145 148 -1
419 14 90 102 117 133 136 146 -1
420 79 114 142 -1
421 1 3 6 7 9 12 14 22 23 31 40 48 49 51 55 59 63 71 86 90 96 99 109 111 115 126 140 148 151 154 156 157 158 160 162 -1
422 9 51 147 163 -1
423 1 6 9 28 38 46 52 85 90 102 114 115 119 136 144 147 148 152 155 159 163 165 -1
424 1 28 85 90 102 114 117 125 150 152 163 166 -1
425 90 117 126 -1
426 1 3 5 6 7 8 9 12 16 17 23 24 27 31 35 40 51 59 71 75 85 86 90 94 109 113 114 115 137 140 145 149 159 163 165 167 168 169 170 174 175 176 177 178 179 -1
427 51 90 163 165 -1
428 12 26 31 46 51 71 90 114 121 132 144 149 161 172 -1
429 21 28 64 80 117 147 171 172 180 -1
430 25 90 -1
431 7 12 90 113 168 -1
432 6 7 10 12 14 17 22 28 30 31 37 39 40 41 43 51 59 60 71 77 109 113 114 153 161 175 178 179 182 186 189 191 197 -1
433 12 71 181 182 -1
434 6 9 14 26 35 40 46 51 117 123 147 148 161 163 168 183 185 187 192 194 196 -1
435 6 78 85 90 184 190 195 -1
436 53 114 171 -1
437 1 6 7 9 12 14 17 18 19 22 23 27 31 37 39 40 41 42 47 50 53 71 79 81 94 109 114 123 137 147 165 167 179 183 186 189 197 206 207 209 -1
438 7 9 14 26 40 51 114 147 148 154 161 193 194 202 203 -1
439 26 179 198 -1
440 1 7 9 11 12 14 22 27 30 35 36 40 50 51 64 66 70 71 77 86 94 107 109 123 127 130 137 149 165 179 186 200 210 213 217 219 221 -1
441 12 35 40 66 71 123 -1
442 12 26 44 51 117 123 132 161 165 172 214 218 -1
443 28 211 -1
444 215 216 -1
445 6 7 9 12 14 19 27 29 33 35 36 37 40 64 71 72 85 94 100 109 113 123 137 147 158 164 167 179 186 206 222 223 224 226 227 228 230 231 232 233 234 235 -1
446 7 22 40 85 158 -1
447 7 14 17 57 112 114 130 147 214 -1
448 28 237 -1
449 227 236 -1
450 22 223 -1
451 2 3 5 6 7 8 9 12 18 19 22 32 51 60 66 71 93 94 107 109 111 113 114 115 120 132 137 142 161 165 167 168 170 179 206 214 238 240 241 243 244 245 252 256 261 -1
452 51 179 249 -1
453 9 52 230 239 -1
454 9 51 112 114 117 132 147 155 161 179 188 214 242 248 249 253 258 260 -1
455 46 117 246 251 254 255 257 259 263 -1
456 2 6 39 60 111 137 157 179 240 241 247 262 -1
457 1 7 9 12 14 23 26 35 39 49 51 59 71 72 86 94 109 111 117 123 127 137 158 179 182 186 187 227 230 243 244 262 265 266 269 270 272 273 277 280 281 284 287 288 292 293 294 296 -1
458 59 71 123 158 179 270 -1
459 203 214 264 -1
460 19 179 265 282 294 -1
461 7 26 41 46 86 112 147 148 165 168 179 180 185 203 214 264 266 274 275 278 279 283 286 289 -1
462 117 171 203 267 268 285 -1
463 6 263 -1
464 2 4 6 7 9 12 14 24 32 37 59 71 72 94 96 109 114 127 137 149 165 166 168 179 182 188 205 244 245 261 271 273 276 279 284 287 293 298 301 302 303 307 309 310 311 312 314 315 -1
465 9 12 165 -1
466 165 276 -1
467 71 86 94 127 179 297 -1
468 7 9 12 24 26 105 114 149 163 168 271 276 289 305 306 309 310 313 -1
469 114 117 149 204 271 299 308 -1
470 26 163 289 -1
471 77 300 -1
472 1 3 6 7 9 10 12 14 18 22 27 31 35 37 40 44 45 50 51 59 63 69 70 71 72 73 74 75 76 79 86 87 88 89 91 -1
473 7 12 18 71 74 -1
474 6 7 52 56 82 84 85 -1
475 2 12 25 80 81 83 -1
476 1 3 6 7 9 12 14 17 18 19 24 31 35 36 37 39 40 45 47 51 55 63 66 75 77 88 90 92 93 94 95 96 97 101 103 104 108 109 110 111 -1
477 24 102 105 107 -1
478 12 28 34 53 98 102 103 106 -1
479 1 2 6 7 8 12 14 18 19 22 31 32 35 36 39 42 48 50 53 56 70 71 77 86 90 94 96 99 107 113 114 115 116 117 118 120 122 123 124 125 126 127 128 129 131 134 135 -1
480 12 14 38 40 51 90 94 112 114 115 119 132 -1
481 14 21 90 102 133 136 -1
482 3 5 6 7 9 17 18 23 24 31 35 37 40 42 50 51 55 59 71 72 86 88 90 96 99 109 115 137 139 140 141 144 145 148 149 151 153 154 156 157 -1
483 6 86 139 -1
484 1 6 28 31 37 46 60 85 90 102 105 115 138 140 143 144 145 148 155 -1
485 1 28 54 85 90 102 117 136 150 152 -1
486 3 6 7 9 12 24 31 37 40 51 59 71 75 85 90 109 111 113 114 115 117 126 130 137 140 148 149 158 159 160 162 163 165 167 168 169 170 -1
487 7 9 51 90 147 163 165 -1
488 9 21 90 114 121 132 136 147 152 159 163 165 -1
489 80 85 90 114 117 125 147 163 166 171 172 -1
490 19 85 90 125 161 -1
491 75 117 126 -1
492 1 4 6 7 9 10 12 17 23 27 30 32 35 40 51 59 64 71 86 90 94 109 113 140 145 174 175 176 177 178 179 -1
493 40 59 71 90 -1
494 12 64 181 182 -1
495 6 7 12 17 26 44 46 51 71 90 114 132 144 147 148 149 161 168 172 183 185 -1
496 6 28 64 117 180 184 -1
497 1 6 7 9 12 14 17 19 23 29 37 39 40 41 51 71 77 81 109 114 147 161 167 175 179 182 183 186 189 191 197 -1
498 1 71 186 189 200 -1
499 6 9 14 26 35 40 51 117 123 148 163 187 188 192 193 194 196 -1
500 26 78 190 195 198 -1
501 1 5 6 7 12 13 14 17 19 22 27 29 37 39 40 43 50 51 55 57 64 66 70 71 79 86 94 109 114 123 130 137 149 165 179 186 206 207 209 210 213 -1
502 12 22 66 71 123 -1
503 9 51 90 148 165 -1
504 19 71 179 186 201 205 -1
505 9 12 14 26 40 51 56 114 117 123 132 147 154 161 165 172 194 202 203 -1
506 26 161 -1
507 78 90 204 208 212 -1
508 4 6 7 9 12 14 18 19 30 33 35 37 40 50 59 61 62 71 77 85 94 107 109 123 127 137 147 158 164 165 167 179 186 200 206 217 219 221 222 223 224 227 228 -1
509 35 40 59 85 123 158 -1
510 14 219 -1
511 9 14 26 45 112 114 130 147 214 218 -1
512 14 146 220 -1
513 215 216 227 -1
514 1 2 3 5 6 7 9 10 11 12 14 17 18 22 27 29 35 42 43 50 51 60 64 66 71 72 94 107 109 111 113 114 115 132 137 142 161 165 167 170 179 206 214 226 227 230 231 232 233 234 235 238 240 241 243 244 245 252 256 -1
515 7 51 59 165 179 249 -1
516 19 66 137 179 244 -1
517 7 9 51 114 132 147 155 161 179 214 242 248 249 258 -1
518 46 117 237 246 251 254 255 257 259 -1
519 2 60 111 137 157 236 240 241 247 -1
520 1 4 6 12 14 18 19 22 23 26 35 39 48 59 60 71 77 86 93 94 100 109 111 120 127 137 158 168 179 182 186 187 188 226 227 243 244 261 262 265 266 269 270 272 273 277 -1
521 158 179 270 -1
522 26 46 51 57 63 65 86 112 117 148 168 179 203 214 253 260 264 266 274 275 279 -1
523 34 117 171 263 267 268 271 -1
524 7 39 114 179 262 -1
525 6 7 9 12 14 15 16 18 19 27 28 33 35 39 41 49 50 59 68 71 72 94 111 123 127 149 166 168 179 182 230 243 244 245 261 273 280 281 284 287 288 292 293 294 296 298 301 302 -1
526 71 123 -1
527 94 127 179 282 294 297 -1
528 7 18 26 41 45 112 147 149 165 168 180 185 276 278 283 286 289 305 -1
529 117 149 203 271 285 299 -1
530 295 300 -1
531 1 3 6 7 9 10 12 14 17 18 19 22 24 28 31 32 35 37 39 40 44 45 50 57 63 71 72 74 75 76 77 79 86 87 88 89 91 93 94 95 -1
532 7 12 15 18 24 51 71 -1
533 2 12 80 81 83 85 90 -1
534 1 3 6 7 9 12 14 18 19 22 32 35 37 40 43 45 48 50 55 59 71 72 73 75 77 85 86 88 90 92 94 96 97 99 101 103 107 108 109 110 111 113 114 115 116 117 118 120 122 -1
535 7 40 90 99 101 103 -1
536 12 14 18 45 46 51 57 90 94 102 107 112 115 119 -1
537 12 14 53 67 98 102 103 106 -1
538 95 114 -1
539 2 5 6 7 8 9 10 12 14 18 27 31 35 37 39 42 50 51 53 56 59 64 70 71 72 75 86 88 90 94 96 99 123 124 125 126 127 128 129 130 131 134 135 137 139 140 141 144 145 149 -1
540 51 64 74 -1
541 6 39 62 71 139 -1
542 6 12 37 38 40 60 90 105 112 114 132 138 140 143 144 145 148 -1
543 90 102 117 133 136 146 150 -1
544 7 79 114 142 -1
545 58 136 -1
546 6 7 9 12 14 17 18 31 40 47 51 55 63 64 69 71 86 90 99 104 109 111 114 115 126 140 148 151 153 154 157 158 160 162 164 165 -1
547 1 6 9 26 28 31 46 56 85 90 102 114 115 121 132 136 147 152 155 163 165 -1
548 25 85 90 125 161 -1
549 43 55 113 -1
550 1 2 3 4 5 6 7 9 10 12 16 17 18 22 23 24 27 29 35 40 49 51 55 59 60 62 63 66 70 71 75 85 86 90 94 109 113 117 137 140 145 149 159 163 169 170 174 175 176 177 178 -1
551 22 40 59 71 85 90 -1
552 19 64 -1
553 12 21 26 46 71 90 114 132 144 149 159 161 172 -1
554 28 34 64 80 85 90 117 147 171 172 -1
555 21 26 46 132 144 149 172 -1
556 12 90 -1
557 75 126 -1
558 6 7 9 12 14 17 22 23 31 33 37 39 40 41 51 59 71 77 81 109 113 114 161 175 179 182 186 191 197 -1
559 12 71 182 -1
560 6 9 14 26 35 40 45 51 117 147 148 161 168 183 185 187 188 192 193 196 -1
561 6 26 34 54 78 117 180 184 190 195 198 -1
562 67 78 190 -1
563 3 4 7 9 11 12 19 22 37 40 43 50 59 64 71 79 94 109 114 123 137 147 165 167 178 179 186 189 206 207 209 210 -1
564 9 14 26 40 44 51 114 132 147 154 161 194 202 203 -1
565 21 117 179 -1
566 204 208 -1
567 1 6 7 8 9 12 14 15 27 30 39 40 50 51 63 66 68 70 71 77 85 86 94 107 109 123 127 130 137 149 158 165 179 186 189 200 213 217 219 221 222 -1
568 12 37 40 66 71 85 123 158 -1
569 14 179 219 -1
570 12 26 51 52 90 117 123 165 172 214 218 -1
571 14 220 -1
572 78 212 -1
573 1 2 3 6 7 9 12 13 14 19 23 33 35 37 51 60 64 71 72 94 109 111 113 114 123 132 137 147 161 165 167 170 179 183 186 197 206 214 222 223 224 226 227 230 231 233 235 238 240 241 -1
574 7 35 165 -1
575 163 230 239 -1
576 7 14 56 112 114 130 132 147 161 214 -1
577 179 237 -1
578 28 225 -1
579 2 60 111 137 157 227 236 240 241 -1
580 5 6 7 9 12 18 22 27 30 50 51 61 66 71 94 100 107 109 111 113 115 120 137 142 179 227 232 234 243 244 245 252 256 261 -1
581 9 51 52 -1
582 66 137 179 -1
583 7 9 51 65 105 112 114 147 155 163 179 214 242 248 249 253 258 260 -1
584 28 46 102 117 246 251 254 255 257 259 263 -1
585 179 247 262 -1
586 250 263 -1
587 1 6 12 19 26 35 39 41 42 48 51 53 71 86 93 109 127 137 158 167 168 179 182 186 187 188 227 243 244 266 269 270 272 273 277 -1
588 244 265 -1
589 26 41 46 86 117 168 179 203 214 264 266 274 -1
590 117 171 267 268 271 -1
591 183 276 -1
592 7 9 12 14 17 23 29 35 36 40 49 50 59 71 72 94 111 113 114 123 127 137 149 156 166 168 179 182 228 230 243 244 245 261 262 265 273 279 280 281 284 287 288 292 293 294 296 298 301 302 -1
593 165 203 214 276 -1
594 86 94 127 179 181 282 294 297 -1
595 7 17 26 112 114 147 148 149 165 168 179 180 185 266 275 276 278 279 283 286 289 305 306 -1
596 26 38 286 -1
597 19 271 302 303 304 -1
598 1 9 12 14 35 39 40 51 71 77 96 109 111 113 114 115 123 127 130 137 140 158 167 189 222 230 261 273 284 293 302 311 314 334 335 347 357 358 359 368 379 380 383 386 391 -1
599 39 51 90 94 165 -1
600 163 165 374 -1
601 71 282 284 361 -1
602 21 26 39 90 165 185 271 311 331 334 356 384 387 392 -1
603 85 90 117 154 271 342 356 373 375 377 385 -1
604 271 373 -1
605 25 166 253 337 381 -1
606 154 381 -1
607 14 39 112 113 155 171 261 388 -1
608 90 100 378 382 -1
609 373 375 377 -1
610 12 14 18 31 42 50 51 57 79 85 94 113 127 137 141 159 165 179 197 227 228 230 244 278 282 284 331 334 335 348 367 368 393 394 395 396 399 404 405 407 411 412 -1
611 7 9 71 165 239 393 412 -1
612 179 322 -1
613 42 121 165 283 313 331 332 356 359 373 401 406 407 408 -1
614 84 259 271 368 381 400 403 410 -1
615 83 117 159 166 368 381 385 400 410 -1
616 263 368 390 402 403 -1
617 78 84 373 403 -1
618 295 303 366 -1
619 4 5 6 7 9 12 14 17 19 22 23 24 27 31 36 37 40 50 51 63 71 75 77 88 90 92 94 96 103 104 113 114 117 118 137 140 148 162 165 175 176 179 182 222 230 233 243 244 265 273 284 290 314 327 335 391 412 414 415 416 417 419 421 427 430 -1
620 12 24 36 51 71 103 218 230 273 387 391 -1
621 12 51 90 163 165 283 414 -1
622 27 41 -1
623 29 64 179 200 265 -1
624 6 7 12 14 26 36 37 38 46 51 57 85 90 100 102 114 121 132 148 152 161 165 171 172 218 233 260 331 348 356 381 401 402 414 420 424 425 427 429 -1
625 26 28 35 64 85 90 102 117 125 152 166 184 254 267 268 348 381 402 418 420 422 -1
626 26 84 121 165 172 194 331 348 381 401 420 428 -1
627 90 125 199 204 208 -1
628 7 55 92 262 -1
629 26 35 348 418 422 -1
630 171 267 348 381 413 -1
631 295 381 -1
632 1 2 3 4 5 6 7 8 9 10 11 12 13 14 16 17 18 19 22 23 24 26 27 28 29 30 31 32 33 35 36 37 39 40 41 42 43 44 45 49 50 51 53 55 57 59 60 63 64 66 68 69 70 71 72 73 74 75 76 77 79 84 85 86 88 90 93 94 96 99 101 103 107 108 109 110 111 113 114 115 118 120 122 123 124 125 126 127 130 132 134 135 137 139 140 141 142 145 147 148 149 153 154 155 157 158 159 160 161 163 164 165 166 167 168 169 170 174 175 176 177 178 179 182 183 186 188 189 191 197 200 205 206 209 213 219 221 222 224 226 227 228 232 235 238 239 240 241 243 244 245 252 256 261 262 265 266 269 270 271 272 273 276 277 278 279 281 284 287 288 289 290 292 293 294 296 298 301 302 303 307 309 310 312 314 315 316 317 318 320 323 324 327 328 330 331 334 335 336 338 343 344 345 350 357 358 362 363 364 365 371 386 388 393 403 421 426 429 433 434 437 442 443 444 447 449 452 453 456 458 -1
633 6 7 8 64 121 175 291 -1
634 7 9 12 15 22 35 37 40 51 59 64 66 71 74 85 90 99 109 123 132 165 179 197 249 270 284 364 439 443 -1
635 9 14 51 52 88 90 102 147 148 165 168 203 214 230 275 373 -1
636 6 19 39 44 62 71 86 94 127 137 160 179 186 189 201 205 219 228 244 294 297 302 -1
637 6 7 9 12 14 18 21 24 26 28 36 37 40 41 44 45 46 51 52 56 60 64 71 72 82 84 85 86 90 94 105 107 111 112 114 115 117 119 123 132 136 140 144 145 147 148 149 154 155 161 163 165 168 172 179 180 185 187 194 196 203 214 218 222 248 253 258 264 266 271 272 274 275 276 278 279 286 289 290 305 306 309 310 313 316 318 325 326 329 331 339 348 351 353 356 359 368 369 432 435 439 446 447 454 -1
638 1 2 6 14 21 26 28 34 40 46 53 54 56 67 78 81 83 85 90 102 106 114 117 136 147 149 163 171 179 180 198 203 204 220 221 237 247 255 259 263 271 285 299 302 308 318 333 337 341 346 348 351 354 355 356 370 372 407 420 423 431 432 438 441 450 -1
639 21 26 38 46 51 90 117 132 144 149 163 165 196 276 286 289 351 377 439 -1
640 2 14 19 78 80 81 83 85 102 117 126 136 161 212 263 271 299 303 304 321 348 367 368 445 448 451 457 -1
641 28 90 146 211 341 348 -1
642 2 6 7 12 39 43 60 79 90 95 111 113 114 137 142 157 168 179 215 216 227 236 240 241 247 262 357 -1
643 109 123 261 273 421 433 434 -1
644 6 67 78 136 263 423 -1
645 28 34 78 83 136 166 263 333 356 367 368 370 407 436 440 -1
646 14 40 71 85 100 103 147 183 271 276 349 360 -1
647 46 90 117 255 -1
648 14 114 133 263 356 372 -1
649 77 144 229 300 -1
650 6 12 18 27 31 35 37 40 42 48 50 51 71 77 90 91 94 97 109 114 115 116 117 123 130 137 144 148 159 166 178 179 189 230 244 266 273 277 279 307 335 361 364 373 384 385 386 421 429 437 447 455 459 460 461 462 466 467 468 474 -1
651 37 40 51 363 384 -1
652 14 71 179 189 273 469 -1
653 1 14 26 46 51 65 79 94 102 138 147 149 161 166 193 202 356 381 437 463 472 -1
654 12 14 28 117 146 161 166 255 271 368 373 381 402 429 470 471 473 475 476 -1
655 26 46 51 121 132 356 381 478 -1
656 284 302 -1
657 79 114 -1
658 148 437 466 -1
659 166 381 -1
660 3 7 10 12 14 18 21 31 39 41 43 45 49 51 56 59 71 72 75 81 86 90 93 94 96 113 114 115 118 120 123 129 130 131 137 140 145 149 158 160 168 175 179 206 228 243 244 245 273 277 284 287 302 307 335 342 365 393 409 412 426 429 449 469 479 482 483 486 489 491 -1
661 368 465 483 484 -1
662 51 71 94 158 -1
663 368 464 -1
664 9 26 63 85 112 114 117 132 143 147 159 180 194 230 276 290 331 356 368 373 381 401 402 420 425 429 470 483 484 485 490 -1
665 133 184 195 271 319 348 381 470 477 483 487 -1
666 85 132 148 149 -1
667 28 51 90 166 319 470 471 480 481 483 -1
668 342 364 -1
669 373 381 483 487 488 -1
670 100 106 119 -1
671 271 460 483 -1
672 381 470 487 488 -1
673 1 7 9 10 12 15 16 17 23 24 35 39 47 51 55 59 64 66 70 71 72 89 90 92 94 95 96 99 109 113 114 115 123 127 128 130 137 147 149 151 165 167 179 182 207 222 227 228 273 284 307 363 365 393 398 401 421 452 493 497 499 500 502 505 506 508 509 510 -1
674 12 23 -1
675 7 18 51 165 383 398 505 -1
676 12 51 165 185 383 398 452 507 -1
677 1 6 12 16 66 181 -1
678 7 24 31 45 46 47 52 56 94 100 112 114 115 123 130 144 168 185 214 271 284 381 420 492 495 504 -1
679 56 90 98 103 114 190 251 257 271 274 295 381 409 420 483 494 495 496 -1
680 15 51 185 381 483 496 -1
681 251 480 483 494 -1
682 56 257 -1
683 53 114 179 -1
684 58 102 -1
685 480 483 -1
686 100 504 -1
687 7 409 -1
688 1 3 7 14 31 37 40 41 51 59 60 63 71 72 77 85 86 90 94 99 109 123 124 147 167 168 178 179 185 189 210 222 273 277 278 284 307 318 335 342 367 368 383 403 421 430 455 469 470 484 503 505 508 511 514 516 517 518 -1
689 40 51 101 348 383 421 523 -1
690 9 239 505 507 513 521 -1
691 19 71 205 228 311 335 383 519 520 -1
692 14 37 39 71 72 100 114 117 147 149 155 163 183 249 381 403 428 446 470 514 522 523 -1
693 14 80 117 150 172 179 211 246 337 348 381 409 470 501 512 -1
694 26 46 123 383 446 -1
695 348 381 -1
696 505 518 -1
697 37 514 -1
698 1 6 7 9 12 14 18 19 22 27 30 35 37 40 42 47 48 51 59 61 63 71 84 86 88 90 94 100 137 144 147 160 179 185 186 189 217 222 243 245 271 273 284 302 307 342 343 356 363 379 385 416 421 455 476 491 505 523 525 532 533 534 -1
699 90 158 284 421 505 -1
700 12 264 421 -1
701 26 50 51 56 90 94 117 132 147 155 179 188 192 273 348 381 383 384 393 421 514 523 524 526 527 528 -1
702 56 80 117 159 198 253 259 271 381 407 470 477 488 -1
703 90 303 381 483 -1
704 171 526 -1
705 137 505 -1
706 100 117 -1
707 90 100 117 119 -1
708 71 460 476 491 -1
709 198 381 -1
710 6 7 9 12 29 40 47 50 64 71 94 111 123 137 152 178 179 187 222 223 228 230 231 243 280 284 292 302 307 311 314 323 334 335 363 365 373 383 384 391 393 421 449 486 500 505 510 514 523 524 531 535 539 540 541 542 543 546 547 549 551 553 -1
711 26 290 363 552 -1
712 260 273 363 391 414 421 486 505 523 550 554 -1
713 7 276 348 420 421 537 554 -1
714 524 553 -1
715 71 139 228 500 546 549 -1
716 6 9 26 40 48 56 85 111 112 114 148 161 271 273 334 340 381 401 421 463 486 510 523 526 538 -1
717 243 271 348 373 379 381 403 470 536 557 -1
718 84 161 271 492 556 -1
719 180 348 381 403 470 536 544 545 -1
720 14 529 -1
721 85 103 250 356 550 555 -1
722 421 535 -1
723 1 6 7 8 9 14 19 35 36 37 41 48 50 59 62 64 68 71 77 86 111 115 137 147 156 179 201 222 265 277 284 302 311 327 335 342 343 363 379 393 395 409 421 482 505 514 523 530 543 558 559 562 563 568 -1
724 9 51 59 144 272 340 342 505 523 -1
725 19 179 182 418 -1
726 17 26 35 64 65 84 107 136 152 214 242 271 283 343 348 352 377 381 409 420 421 437 482 528 535 554 560 561 565 566 -1
727 34 263 271 381 470 476 522 564 567 -1
728 132 136 271 343 348 454 482 561 -1
729 381 476 480 -1
730 225 381 480 -1
731 223 363 -1
732 1 6 7 9 12 18 37 39 51 66 87 90 96 111 115 118 123 137 179 186 197 214 234 243 244 249 253 273 277 284 307 322 335 363 364 365 403 405 421 430 476 498 499 505 523 524 573 575 577 578 579 584 -1
733 37 51 277 363 421 505 523 577 581 584 -1
734 40 51 249 277 -1
735 6 71 86 182 311 -1
736 40 51 56 90 112 132 266 277 327 348 373 420 505 523 571 572 574 577 582 583 -1
737 34 117 166 267 295 381 483 569 570 576 -1
738 12 184 295 381 483 569 570 576 -1
739 190 381 580 -1
740 184 580 -1
741 1 2 3 4 6 7 9 12 14 18 22 24 28 29 35 37 41 48 50 51 53 55 59 63 64 70 71 74 75 77 86 88 90 92 94 96 99 101 103 104 107 108 109 110 111 113 114 115 116 117 118 120 122 123 124 125 128 129 130 -1
742 7 24 51 59 90 101 103 -1
743 39 71 86 -1
744 7 12 14 17 21 38 40 51 57 82 90 94 102 105 107 112 114 115 119 -1
745 2 12 14 53 81 102 103 106 -1
746 21 38 85 -1
747 2 19 -1
748 7 95 114 -1
749 103 106 -1
750 1 3 5 6 7 8 9 10 14 17 18 19 22 23 31 35 36 37 39 41 42 50 51 55 56 59 63 64 66 69 70 71 72 76 79 86 88 89 90 94 96 99 109 124 126 127 131 135 137 139 140 141 144 145 148 149 -1
751 7 127 -1
752 22 51 59 64 -1
753 6 9 31 37 90 94 105 115 132 138 140 143 144 145 148 -1
754 21 90 117 136 150 -1
755 1 2 3 4 6 7 12 14 17 22 24 27 31 40 50 51 59 60 71 72 90 96 99 109 111 113 114 115 117 134 137 140 148 149 151 153 154 156 157 159 160 163 164 165 167 168 169 170 -1
756 40 51 85 -1
757 1 6 9 28 45 46 56 85 90 102 114 121 132 136 144 147 152 155 159 163 165 -1
758 1 28 64 80 85 90 102 114 117 125 146 147 152 163 166 171 -1
759 12 85 90 125 161 -1
760 6 58 -1
761 1 5 6 7 8 9 12 14 18 23 27 32 35 37 40 42 43 51 59 61 63 71 73 85 86 90 94 109 113 114 140 145 174 175 176 177 178 179 186 189 191 -1
762 12 173 -1
763 40 59 71 90 99 -1
764 6 12 14 26 35 44 46 51 56 60 63 71 84 85 90 114 117 123 132 144 147 148 149 161 163 168 172 183 185 187 188 192 193 194 -1
765 6 12 90 117 180 184 190 -1
766 26 46 117 132 144 149 172 -1
767 6 53 92 114 168 171 -1
768 1 3 6 7 9 12 13 14 15 16 17 19 23 33 37 39 40 43 50 51 55 63 64 71 77 79 81 94 97 109 114 123 137 147 161 162 165 167 175 179 182 183 186 189 197 -1
769 12 37 197 -1
770 19 71 186 189 200 201 205 -1
771 9 14 26 40 147 194 196 202 203 -1
772 26 78 83 117 179 198 -1
773 15 148 196 -1
774 78 199 204 -1
775 7 43 79 -1
776 1 6 7 9 12 14 17 22 27 30 35 40 45 48 51 66 70 71 77 85 86 87 90 93 94 99 107 109 123 126 127 130 137 149 158 165 179 186 200 206 207 209 210 213 217 219 222 223 224 -1
777 15 35 40 66 71 85 123 158 -1
778 12 26 51 112 114 117 123 130 132 147 148 154 161 165 172 214 218 -1
779 14 34 117 179 220 -1
780 26 46 161 165 -1
781 208 212 -1
782 2 3 5 6 7 9 12 19 33 40 51 60 62 64 66 68 71 72 90 94 100 109 111 113 114 115 123 132 137 142 147 161 165 167 170 179 206 214 222 226 227 228 230 231 232 233 234 235 238 240 241 243 244 -1
783 7 51 59 71 165 179 249 -1
784 6 66 71 137 179 -1
785 7 14 18 24 51 52 114 132 147 155 161 179 214 242 249 -1
786 28 67 98 172 237 246 251 -1
787 2 60 111 137 157 227 240 241 247 -1
788 1 3 5 6 7 10 12 14 17 18 23 26 27 29 35 36 37 39 40 44 45 47 51 71 72 86 107 109 111 113 120 127 137 158 168 179 182 186 187 188 221 227 243 244 252 256 261 265 266 269 270 272 273 -1
789 44 179 265 -1
790 9 26 41 46 51 86 112 114 168 179 203 214 253 258 260 264 266 274 275 278 -1
791 39 179 262 -1
792 100 183 263 276 -1
793 6 7 9 10 12 14 18 22 23 35 37 49 50 59 63 71 72 75 77 94 111 114 123 127 137 149 166 168 179 182 230 243 244 245 261 262 273 277 279 280 281 284 287 288 292 293 294 296 298 301 302 -1
794 6 26 64 290 291 -1
795 7 9 26 65 112 114 117 147 148 149 165 168 179 180 185 248 276 279 283 286 289 305 306 -1
796 54 80 117 149 203 267 271 285 299 -1
797 25 80 302 303 -1
798 1 9 12 14 18 19 22 24 27 30 31 32 39 50 51 59 60 71 72 75 85 93 94 109 114 127 132 137 148 149 158 165 177 179 205 222 228 243 244 269 271 273 276 279 284 303 307 309 310 311 312 314 315 317 318 320 323 324 -1
799 19 71 86 179 244 302 322 -1
800 7 9 12 24 26 114 163 165 168 214 271 276 289 309 310 313 316 318 325 326 -1
801 114 117 133 204 308 318 319 -1
802 14 83 319 321 -1
803 77 295 -1
804 1 4 6 7 11 12 14 18 24 31 35 37 39 49 50 51 57 71 75 77 91 94 95 109 111 137 155 158 165 179 189 222 226 228 261 262 272 273 277 279 284 289 290 318 327 328 330 331 334 335 336 338 342 344 345 347 -1
805 12 18 51 74 165 179 284 340 -1
806 1 6 179 228 -1
807 7 14 51 56 64 71 111 114 132 136 165 179 203 271 272 289 329 332 339 348 -1
808 34 85 136 184 195 271 333 337 341 346 -1
809 51 132 -1
810 271 304 -1
811 225 341 -1
812 1 3 6 7 8 9 12 14 17 19 23 27 29 35 39 40 53 66 71 86 94 103 109 130 137 145 179 189 222 261 265 279 284 307 316 323 327 335 343 350 357 358 359 361 362 363 364 365 371 -1
813 9 40 90 109 363 364 -1
814 39 85 90 117 203 271 283 290 351 352 353 359 369 -1
815 14 56 117 259 263 299 302 348 351 354 355 356 370 372 -1
816 83 117 263 299 367 368 -1
817 79 261 357 -1
818 14 71 100 119 306 349 360 -1
819 14 372 -1
820 3 6 7 9 10 12 14 17 18 31 35 37 39 40 43 44 45 50 51 55 59 60 61 63 72 75 77 79 85 88 90 93 94 95 96 97 99 101 103 104 109 110 -1
821 15 18 24 40 51 59 90 99 101 103 -1
822 6 86 -1
823 6 7 24 63 102 105 107 -1
824 2 21 80 98 102 103 106 -1
825 19 83 -1
826 6 58 102 -1
827 1 2 3 6 7 8 9 12 13 14 16 18 19 22 23 29 31 35 37 39 40 42 47 50 53 56 59 64 70 71 77 88 90 92 94 96 99 107 111 113 114 115 116 117 118 120 122 123 124 125 126 127 128 129 130 131 134 135 -1
828 19 39 71 -1
829 12 14 21 40 90 94 112 114 115 119 132 -1
830 12 53 90 102 133 136 -1
831 1 3 4 6 7 9 10 11 12 14 17 18 22 23 27 31 35 36 37 40 41 42 48 50 51 55 59 63 71 72 74 86 88 89 90 96 99 109 115 137 139 140 141 144 145 148 149 151 153 154 156 157 158 -1
832 1 6 9 28 31 37 38 45 46 56 60 82 85 90 102 105 115 138 140 143 144 145 148 152 155 -1
833 1 28 85 90 102 117 146 150 152 -1
834 38 51 -1
835 81 90 -1
836 1 3 5 6 7 9 12 19 22 28 32 35 40 49 50 51 59 69 85 86 87 90 94 109 111 113 114 115 117 126 137 140 148 149 159 160 163 164 165 167 168 169 170 174 -1
837 12 40 59 85 90 -1
838 9 90 147 163 165 -1
839 7 9 45 90 94 114 121 132 136 147 159 163 165 -1
840 64 80 85 90 114 117 125 163 166 171 172 -1
841 46 132 136 149 -1
842 7 12 113 -1
843 1 6 7 9 12 14 17 18 22 24 27 31 35 39 40 50 51 59 71 75 76 77 86 90 109 113 114 140 145 161 175 176 177 178 179 186 189 191 -1
844 7 59 71 -1
845 7 51 -1
846 6 9 12 14 26 35 46 51 71 90 117 123 132 144 147 148 149 161 163 168 172 183 185 187 188 192 193 194 196 -1
847 6 28 78 83 117 180 184 190 195 -1
848 26 46 117 132 144 148 149 172 -1
849 25 80 90 -1
850 28 195 -1
851 6 53 90 114 168 171 -1
852 4 5 6 7 8 9 12 14 15 18 19 23 24 30 31 35 36 37 40 43 50 53 59 63 64 66 71 81 109 114 123 147 165 167 175 179 182 186 189 197 -1
853 8 175 -1
854 1 6 19 44 71 186 189 200 201 -1
855 9 14 18 26 40 44 65 147 202 203 -1
856 26 67 136 179 198 -1
857 21 196 -1
858 1 4 5 6 7 9 12 14 18 22 27 29 30 35 39 40 42 50 51 66 70 71 77 86 94 107 109 114 127 130 137 149 165 179 183 186 197 200 206 207 209 210 213 217 219 221 -1
859 12 66 71 123 -1
860 14 179 205 219 -1
861 12 26 51 114 117 123 132 154 161 172 194 214 -1
862 14 117 147 179 220 -1
863 1 3 6 7 8 9 10 12 14 19 24 33 37 40 55 64 68 71 72 73 77 85 94 100 109 113 123 137 147 158 167 179 186 200 206 222 223 224 226 227 228 230 232 233 234 235 238 -1
864 7 35 40 71 85 158 -1
865 163 230 -1
866 7 14 46 84 85 112 114 130 147 165 214 218 -1
867 137 157 227 236 -1
868 1 2 5 6 7 9 12 18 27 35 41 45 51 60 66 70 71 72 79 108 109 111 113 114 115 132 137 142 161 162 165 170 179 214 231 240 241 243 244 245 252 -1
869 51 165 179 249 -1
870 9 52 239 -1
871 66 137 244 -1
872 9 51 114 132 147 155 161 179 214 242 248 249 253 -1
873 34 54 246 251 -1
874 136 251 -1
875 2 7 60 79 111 179 240 241 -1
876 1 7 12 18 22 26 32 35 39 51 71 86 93 107 109 111 120 127 137 158 168 179 182 186 188 226 227 243 244 256 261 265 269 270 272 273 277 -1
877 86 179 265 -1
878 14 26 46 52 86 112 117 179 203 214 258 260 264 266 274 275 -1
879 12 34 46 117 254 255 257 259 263 267 268 271 -1
880 26 85 -1
881 1 6 7 9 12 14 22 23 35 48 49 57 59 62 71 72 75 91 94 111 114 123 127 149 166 168 179 182 187 230 243 244 245 261 262 266 273 279 280 281 284 287 288 292 293 294 296 298 301 302 307 -1
882 74 123 -1
883 62 86 94 127 179 282 294 297 -1
884 7 9 17 26 41 51 57 112 114 147 148 149 163 165 168 179 180 185 276 278 279 283 286 289 305 306 -1
885 14 81 85 90 114 117 149 171 203 204 271 285 299 -1
886 2 271 302 303 304 -1
887 43 247 -1
